2.4539644017095337,5.963018610200585
-0.008936190882184114,6.0209721536253875
1.4521077507180071,6.7731678515148985
0.587615346307576,5.660756273022549
2.2777361981319695,6.547238104769066
0.5579207364218668,6.458245818817946
1.8786625374138977,5.946868341885355
0.17778077103451917,6.190087978553328
2.440184908931255,6.255907580080392
1.0281398066950356,6.665565451608005
1.9387761600877935,6.728109479966019
0.29011524235421415,5.869044881608429
2.307943959688813,5.963227795773033
0.8334617725560785,5.885650041135769
0.06311136312073895,5.969250452454597
2.129367285219772,6.653387757295303
2.462812170755193,6.091777971338065
0.7838723770177429,6.5646082115222155
0.4829332690555903,5.744170577890445
1.6841448561666867,6.771761210737554
0.04942686420155695,6.088055065869018
2.3855516666158443,6.403908204096089
1.240368003811163,6.735458899699805
2.0732884975258883,5.982706225252638
0.3481642853636231,6.321125161572651
2.4230615048279702,5.937233646246836
0.6620327129144457,5.736899361259775
1.2242301986122293,6.171488070361
0.00866470683180598,5.996087906749701
2.337239863166756,6.480433262280901
1.8127655462830203,6.755696803262844
0.17592748375577472,5.922803522291636
2.4629260596952616,6.023364292863587
0.4542647459612308,6.3955637087739925
1.3472909703631308,6.759579086755336
1.9532373622859156,5.96386034849199
0.5483071088065783,5.685477301782106
2.202007914631183,6.608907344334156
0.1071921650086951,6.1343567592063835
2.454798413019328,6.178758498906263
0.9004251297355825,6.614693304517715
0.9750161522052618,5.998830255755356
0.005010332370867232,6.047553065755217
2.033807326810887,6.697039605517728
2.38014063309812,5.944487187028902
0.38811180123454037,5.812648642573506
1.5723237228567237,6.777115115424632
2.417495875322954,6.33135943085212
0.26426545749585095,6.257683415485087
0.6688608242142395,6.512911574141874
2.195762782577248,5.981469246856596
0.6155027155370689,5.684346172886517
1.1369507621331159,6.704268109869883
0.11084873381088745,5.94978923767877
2.4435287265471914,5.94506853698727
1.876944213158343,6.7433106433109264
1.8666765013125657,6.001914217885649
-0.004822419191811811,6.008439889455383
2.362701082843787,6.4435926278401165
0.743639583554744,5.813525395855736
0.40182278674491023,6.359790775634494
2.4599039937135565,6.134685811703645
1.5132428420076183,6.7765665296208795
0.23429761163399743,5.896615790280901
2.2401650884271755,6.58027244315912
1.4207845372410608,6.259158584834784
0.024893707813710364,6.067124706087898
2.460279260724728,5.99231857576034
0.9618621664296123,6.639784556303337
0.5190211609787001,5.7129384006749655
2.0815158497105015,6.6770611423962505
0.6117631627229967,6.485971269292286
2.4301400442145904,6.293194668518316
0.21748773119809783,6.221286391316843
1.7442165758041535,6.765616438119259
2.254383235666395,5.9739343829755684
0.03263156221264385,5.982761347859813
1.0662618888211934,6.080837053396003
2.0082591029164383,5.975062890755805
0.5724227358774261,5.664904843191016
1.2929098402983952,6.748510653897619
2.463648293928085,6.056792525494841
0.07916926600849283,6.112100828965143
2.308637242114379,6.515269741161558
0.3433376436903339,5.83986686055395
0.836151673665479,6.5874205259026795
1.986933823729177,6.713668458024907
2.405128412556732,5.938786527004095
-0.005404110016423935,6.033133098294859
0.504079603548325,6.427191131142286
2.4027150381741937,6.368162265456527
1.6272187514699379,6.775484248641727
0.699910703466033,5.774497488222104
1.8657059912671397,5.956017754447634
0.30417446505318413,6.288229113086153
2.4488921721220813,6.215001310552015
1.0890408023242721,6.687853467456043
0.43763899275364615,5.779016675740862
2.166865498284169,6.631865138044451
0.14025463177795583,5.937797875945749
2.3484826140919672,5.9530086349156415
1.4004138046123558,6.767752357437357
0.8991720960888729,5.936301146551876
0.14085827134751572,6.1609640373888555
2.4575684310238946,5.97623783107977
0.7249576036258603,6.538374870132893
1.7272353593768348,6.278875254464191
0.01919578580878678,5.989662914031729
2.2598607266175086,6.563645189198433
0.6002097177655585,5.668047079452291
2.134484051305877,5.984568806046264
1.844707333086426,6.74993183383622
1.188834065604678,6.720724989652958
0.013977135013243824,6.056932053580107
2.4577494115036047,6.155644130595917
0.37563201789781964,6.3411457371075235
2.3744269735815324,6.424168630159093
0.7871542593546659,5.849372341709049
2.435492417856558,5.9397505981881284
0.20681725228187986,5.90923960644233
1.714539196993786,6.7689396606907
1.909868476345272,5.952571285809101
0.08407889698421744,5.960619691246428
2.1050492937068106,6.66591108387254
0.6350964095332658,5.707212596651645
0.9934499756184092,6.652252714034269
2.463500720276719,6.040088296839454
0.5311868921452918,6.443258564479408
-0.007986614310403262,6.014604838179404
2.424090477364398,6.312416009995686
1.4827506119967016,6.775256278314615
0.4607700863373676,5.761774016318052
1.311164547019561,6.212362666447647
2.323132098033304,6.498350387894557
0.23932461727985999,6.238340430843246
2.449339664568286,5.95265363215684
1.9117885513602557,6.7351729731878525
0.0641621957014884,6.100060909341722
0.7543170065443858,6.551509664296882
1.8738471790797346,6.082529024829337
0.5613259482221897,5.673513207565495
2.4450072106492273,6.234587602553207
0.31611202906938907,5.855183044068749
1.3199435015633059,6.7543427886249905
2.2813566962533423,5.968984547594473
2.011965076214229,6.705129962512299
0.1587048762940757,6.1750490492377335
1.015372821043239,6.036128243481435
2.4617903743437974,6.110507102314447
0.0008277380008561153,6.002179444900281
2.219644650791206,6.596204496135521
0.6393591788684789,6.499198468016067
1.5999232773672274,6.776541316967046
0.5332528524168447,5.699742323013219
2.0411870582063942,5.979682591613007
0.4298182737440701,6.379169658262371
2.4618003057069213,6.006480758858627
1.061005944882221,6.677776333074507
0.047625113693110066,5.975887101585835
2.394928373479515,6.385151308876748
1.779509474281543,6.760911728004723
0.26129351290698555,5.883628782495582
2.393382170156091,5.941203485827297
0.8664498934265392,5.911008265331989
0.8692906141322778,6.6016004911841435
-0.0013572955337348702,6.039623518306047
2.293823850433021,6.531225702993531
1.892099432848433,5.948317810871971
0.5810908932836645,5.6609379606435395
1.2148848973493767,6.728392265835833
2.1492548080630205,6.642326317854485
0.2852384327890052,6.273806803019047
2.45212913689643,6.196372705701852
0.12134843351361013,6.14555286337726
2.1664687987798,5.983563099175384
0.41107248493816506,5.797567705755618
1.5420013790318912,6.7771473208743656
1.1457290810414582,6.131406535459176
2.429792977544697,5.938008778052755
0.03607540500148154,6.076881361112632
2.057531371566953,6.687521176342858
0.5840943416250273,6.472101739774502
2.3508841279809425,6.461500431813934
0.6802023496802567,5.755473444870582
2.4634221819891753,6.07384270270244
0.15660000741754398,5.931003802213145
1.3766165430432187,6.76442125943881
1.5552756109915231,6.2969175663036125
-0.008074380157569117,6.026578217101928
2.435184149351601,6.275461272281742
0.93078194454593,6.627222191457509
1.9616640096824325,6.72155477390529
0.5011387035307253,5.728829539151954
2.3305779441967664,5.957703193955228
0.32728689830431357,6.305628833577142
1.9770156537973058,5.969228468048136
0.47889796231993387,6.411522657503243
1.6577265754547463,6.773742022471813
0.09710922816735668,5.955341927434786
2.4103657400750595,6.349960765405448
