0.0017602819439268558,6.026397797630647
-0.08742551240931373,2.1849123391274516
-1.2887704622441785,3.800709628875129
0.5103843311068754,5.596097389423096
-0.9597329776667927,2.6128479362870376
-0.8080244917724624,5.059163780285567
0.0014940749003873321,2.7162918035082946
-0.37686315167639517,5.648297116448162
-1.2493684890839365,3.1214422588348327
-0.050926885011273626,4.729765603848784
-0.4596894065130259,2.2800418119063726
0.3168801146457003,5.85434965043197
-1.1409785610158183,4.3743454434591404
0.005002929942881984,2.2631279901864993
0.3322859436223471,5.337622319946508
-1.133977884488755,2.8453130093750283
-0.14327676522560395,5.910187039443143
-0.7001084965104898,2.3960606024014366
-0.9925988788548281,4.711667762954049
0.4640485319865393,5.728948834687682
-1.3035677556964158,3.468130186164104
-0.0050821204408331155,2.4637741266476283
-0.5905900496684966,5.386189036958736
-0.40153989043254157,3.822622724803265
0.12540087025351898,5.9951784663944805
-0.24786321073397843,2.212354414975508
-1.2362427718011624,4.077536362245407
-0.30197626071368777,3.0069646716963545
0.4492398329645866,5.49337555202486
-0.8342519259782799,2.494498100311671
-0.24952207629218748,5.794183474262576
-0.017900029470261813,2.2005321043289
-0.2362478550008813,4.370156171402067
0.2126636396018764,5.932576741829436
-1.2853745551975706,3.2856079763255015
-0.7070382126569372,5.222174721881978
-0.5710226103648521,2.3268628406943432
0.1465941121732719,5.097135915080808
-1.1939843915518589,2.9653440091724645
0.054694313145155604,6.029261631120819
0.00225764270694917,2.602142479548609
-1.0725388062408694,4.53967319477439
0.5057127581850462,5.667411998771933
-0.1613091646254725,2.1932722586984332
-1.302593848791103,3.6471257040572724
-0.4800514108509999,5.525653322552224
-1.046228156587059,2.7137988981869454
-0.06625214096963195,5.984078978891371
0.0009933055240587407,2.3399237410048275
-0.9061955594609534,4.881891167732829
0.3997110832254487,5.789120702882475
-0.35625271071565834,2.2437760964111098
-1.2647826756809897,3.9500132096437848
-0.4272158436136513,3.401508198079275
0.24605993529423653,5.231098301955286
-0.07134621978493438,2.790848366386837
-1.190642824280408,4.23486490430556
0.2624297134958624,5.895349337160186
-0.7703255310842287,2.4437627260570136
-0.3094969890335957,5.726120675965149
-0.04436378049681178,2.1885301826513954
-1.2695314617847488,3.2016974340497226
0.49057996236267254,5.5522017651993725
-0.31673588317523027,4.137576603437554
-0.6517875145592953,5.302820628420495
-0.904672558255994,2.557734874502309
-0.030238189855135822,6.010726024990715
-0.0003414513663644314,2.226489885710256
0.029342429983633345,4.896284509714977
-1.305251420201806,3.5542666427050262
-1.0938755334935841,2.7804004095269157
0.4883955910393274,5.698639807730562
-0.30228804734526893,2.227259659854367
-0.8599266353954027,4.967594331084696
0.08956658342267865,6.016189458431018
0.00651937084649834,2.6638940017669643
-1.1075307525291276,4.457953191243498
-0.6299968800131968,2.356004456185578
-0.19123436338109112,5.858870655449922
-1.2221710848402214,3.0367210614395193
0.39620713756049586,5.421409478212341
-0.003091764275086284,2.396947119543148
-0.1439133391066454,4.5652966973960964
-1.2780919423530284,3.875077245028993
0.361412725804513,5.8200538786999
-0.12334609969209254,2.187603186944309
-0.5311101152168272,5.462629694937896
-1.2969475379565845,3.375408788467911
0.16648730530520162,5.966636124493239
-0.5114030514931613,2.3006443411073074
-0.9542069833153892,4.789010730181802
-0.182174755680375,2.8661382621767673
0.5142924443315451,5.631651857428746
-1.004771232311457,2.662768983226667
-0.10339263421839817,5.950379231281556
-1.214381800617586,4.157911895781625
0.004344282133837751,2.2941949320629145
-0.7570738332461788,5.143994057219749
-0.4333587912472616,3.6163510935492265
0.43403866369572786,5.75902626849721
-1.1653525056727467,2.9038173781738275
-0.42333989933935623,5.593676116958221
-0.20439835801046868,2.2019290402732103
0.08682098872198285,5.00267827482165
-1.2976060934873273,3.7182318674691146
0.028411005603874884,6.03165506937068
-0.0028607737573391745,2.536499235643498
-0.7361771514459639,2.419519021010405
-1.0342843329945435,4.624103699775939
0.4718405036817481,5.5239591488200785
-0.40724493894028235,2.2608824866647086
-0.35736633849784205,3.997074485669042
-0.2202636254985224,5.826883221161029
-0.007977723452434304,2.210995563715606
-1.2371384233803733,3.08085260536829
0.28808885971744314,5.876088892298901
-1.1668979070806653,4.304423849368735
-0.020629138962935833,2.7538893794000274
0.29118975579877837,5.286934295815542
-0.871406148013878,2.526933896123996
-0.6213222081873297,5.345018098727127
-1.3007966474500625,3.420253337936142
0.0725874316799695,6.0237475144714185
-0.06376720064897956,2.1855274124515196
-0.09442522756991423,4.650738901326572
-0.38420466010341947,3.1940576516686954
0.5114791830253171,5.649917837463228
-1.0711961718365703,2.7474798152106956
-0.34164864523701866,5.689158231165482
-1.2515465512413124,4.0133294104442685
-0.6008256445785669,2.3411411460732965
-0.04772618644364801,5.99874165495904
-0.8343419582470553,5.013356718103992
0.003521659726034798,2.2436639001659393
0.1897234769699594,5.949617833261417
-1.2782100174648319,3.244289302413282
-0.27529902763980996,2.2196344836014066
0.3689385620229215,5.384604405948598
-0.2764040610073879,4.261935699907992
-0.9347006531505979,2.5870880215090293
-1.0136743368394923,4.667908397972898
0.4495619169146723,5.744100420252444
-0.004508840220393218,2.5009210878080803
-1.3044470836180855,3.6019441486691033
-0.1643070384143508,5.88797862672539
-0.12015795321066935,2.8208283450712894
-0.7315464475454156,5.184516185378341
-1.1498909251150753,2.873992115484205
0.503290432780565,5.576434643181634
-0.03085286524314501,2.1929425161399543
-0.4533088564100165,5.557948109990531
-0.6672028665887053,2.3764257017828854
-1.1246910138844566,4.415849971119314
0.14324329190224994,5.983143198102694
-0.007987462585686167,4.818722011717865
-0.4325355779925646,2.2699164375421934
-1.2932995962956282,3.762161608696728
0.34161291183202724,5.835447846748696
0.005935146134268265,2.690771934123392
0.19493528368634294,5.164912181899444
-1.2082187309656804,2.9997695606784522
-0.9295898358817078,4.837143123009286
-0.14218921752416502,2.1901364048426704
-0.012590435198061911,6.020505253906312
-0.8039247860567968,2.469587782257511
-1.225340409922616,4.119005355359397
0.4972993176441314,5.684501537678657
-0.0011019856550973373,2.3666951196034134
-0.2796520698715428,5.760143004229306
-1.2918200484420055,3.3304702087700857
-0.5596151791011899,5.426470120640856
-0.43517556418161085,3.508627395744546
-1.0243003479619306,2.686119453607478
0.4242706961947622,5.459907373137092
-0.3308026084982263,2.2357816082296327
-0.08593426390080694,5.9668057218084245
-0.19457459633139873,4.466536855947989
-0.10281825505331899,2.185650650707197
-1.2717984759920071,3.9123053555318488
0.23793080616621864,5.913696908271393
-1.2596096944223323,3.1596466913805754
-0.7829941993615543,5.1014877374860275
0.004665778016279987,2.6306798903826474
0.41589109599738805,5.775321929941458
-0.538799043840708,2.3123341318611264
-1.055565284795744,4.577684790274688
0.04103879429025614,6.031420544171137
-1.1134027239314452,2.810821630027218
0.003091229648842564,2.313323095102795
0.5138215979512575,5.613570733500258
-0.3802645066032735,3.910710500487357
-0.6775464554713269,5.265924618235378
-1.3049472249055452,3.512276162528801
-0.3460952953853518,3.0915635632828025
-0.12392149147873521,5.930071474780017
-0.18518079389037112,2.197829785809285
0.11550211338335803,5.049754361462813
-1.1790958762325845,4.269463958131201
-0.8530405974009669,2.5106438661851973
0.10731052797977991,6.006462036482236
