7.3085633852957175, 4.8638356434567074
8.7656065957199587, 5.9112633445762457
8.2500359329242698, 5.1311826944214483
7.2882813238088433, 5.1350936431100758
8.6686506870102562, 5.5660499747662522
7.7898756688245481, 4.9107124352289206
8.7566642429117749, 5.7712606363101289
7.5117806970385628, 4.8552699252957376
8.4865352062367023, 5.3312443835561334
7.2875729966420737, 5.0112645471745241
8.7056586897384989, 5.8689067765381759
8.0249078278828989, 5.0006745108787074
8.4156176685502331, 5.5276753684608098
7.4961123886142031, 5.0994521124654826
8.5931964401983052, 5.7272328618577903
7.285102349843311, 4.9095746490310939
8.0826135417507388, 5.27065609150175
8.7729593517387272, 5.8708542236730397
7.649009293058195, 4.873613700436338
8.3774631720897759, 5.2351267880907892
7.2825517522287813, 5.0956927620375163
8.7225172968339706, 5.672175042928143
7.3896828864908644, 4.8508070869501489
8.7456702128189789, 5.9134920193908096
7.919033949284823, 4.951521040245308
8.5830665582700973, 5.4471278153807967
7.3542087082577483, 5.1203630164377936
7.8381674491019151, 5.1493728696572107
8.7681028832726753, 5.8231110069690581
8.1479953489812047, 5.0712312882154515
7.3404022797205544, 4.8546687298073055
8.5199198588485316, 5.6331449933043318
7.2864449850621371, 4.9570574716080182
8.2688218071281767, 5.3899846031351837
8.6657253003284183, 5.8109906066339585
7.5817999486249716, 4.8628421638245749
8.6292364676650237, 5.5070934767273032
7.3072918633701081, 5.1345656576966094
8.7709597761200513, 5.8974090624036508
7.6880879749223139, 5.1079353883105485
8.313549804942987, 5.1787889964302751
7.2909357171750857, 4.8809146199174771
8.7408135566520713, 5.7198488987659397
7.8552383457493962, 4.930293792898806
8.5325007318438111, 5.38087908717256
7.4472744727578162, 4.8512965173651112
8.7301679280825795, 5.9000995360699067
7.2854089125225032, 5.0605190938178675
8.0871962707162339, 5.0364090990482469
8.6982888953378321, 5.6196612163361488
7.7141281542407878, 4.8889427022583059
8.7574167355390529, 5.9167108209894979
7.2820176628224376, 5.1225426020951952
8.4329846101242723, 5.2820146465699418
7.9758712766957407, 5.2052292617275429
7.4255034284056523, 5.1062677107117844
8.6332576025359273, 5.7690113279382311
7.3626617143079018, 4.85214639002771
8.3524443269949771, 5.4656912013773011
8.7714771248254593, 5.8475161725334859
7.9719805418160226, 4.9733933318361361
7.2852681862191107, 4.9309620551589868
8.1753253895349118, 5.3319821324228061
8.65021077121866, 5.5370159323997195
7.5841172877896126, 5.0941799337487312
8.7629589868267317, 5.7969178767891352
7.4794209774072327, 4.8528911286409988
8.2050544088849833, 5.1038924953023121
8.7190688925309701, 5.8869845620249963
7.2978416162464201, 4.8714050309728494
8.5575291097133572, 5.4126321203184569
7.2816769516507565, 5.1108794309352215
8.5575825461532489, 5.6848420960338091
7.7501078381406341, 4.8990792167100041
8.7724851486848507, 5.8865256736982952
7.2874636343933945, 4.9864863214747048
8.344301463866195, 5.2065697736011574
7.6140464215739199, 4.867488760761824
8.7117155108990403, 5.6475692380146976
7.7691467880887242, 5.1291889968055004
8.4670977401353014, 5.5749697438700077
7.3264726301114012, 5.1288241842818403
8.7522374846468693, 5.9163574288622955
7.3229201174843412, 4.8583713871409495
8.056880250152247, 5.0188681366441275
8.7489587765794354, 5.7445997678371912
8.4603559085397606, 5.3063768091271664
7.2867689067005843, 5.0381621839890096
8.6871033623299567, 5.8419861686423369
7.5452118792654401, 4.8584790756537588
8.2801705484319399, 5.1517224643075616
7.8871166167153008, 4.9404414594145978
8.6074086483032417, 5.4784435196512975
7.2866584078295817, 4.8941840199760174
8.7684699762668146, 5.9059001171043279
7.294687808011564, 5.1365119965121808
8.0333204242355194, 5.238279243021716
8.6849001883417642, 5.5942383842351093
7.4170924073613564, 4.8505984632592503
8.3142899320745087, 5.4268933601504949
7.3915078413456969, 5.1115533072309889
8.7724740924190669, 5.8591459185713903
7.6825847727280019, 4.8808770604170499
8.7326466408902874, 5.6974568606808313
8.1754036944561506, 5.0868226687610738
7.2839815980328071, 5.0784537700579273
8.510770799045865, 5.3562341884405322
8.7382905485808919, 5.908036927800528
7.8221965623585898, 4.9202872295456652
7.2849927530185399, 4.9199556587065425
8.6131813631435961, 5.7472303244685508
7.9042590682524425, 5.1726120079553199
7.5366981190367879, 5.0961533842259295
8.4050173282061991, 5.2582023395864121
8.7656881880265871, 5.8099222465674183
7.3756449972276501, 4.8513271637311499
8.4950094320092262, 5.6036466985875366
7.2840308917057657, 5.1304488866983258
8.7618319625357302, 5.9150226351666975
7.9964996984073045, 4.985413904245406
7.3027473350650896, 4.8673315248429505
8.1360877520309458, 5.3068240540031768
8.6524963233715511, 5.7929075726870076
7.5629180479212961, 4.8604781168354743
8.5704150476166916, 5.4301084561136266
7.2870627584914205, 4.9721053542407612
8.1179632378720115, 5.0541117810073048
8.6973480391548748, 5.8569951385650656
7.6398696066044591, 5.0982925231356306
8.6598174897545661, 5.5517845188041663
7.4627169095371828, 4.8519615082854211
8.3850422908657194, 5.498972599257745
8.7728899378860774, 5.8795306113696642
7.3392147712756044, 5.1248020897604478
7.9442518831715878, 4.9612860261747551
8.752980622875036, 5.7580236746681708
7.2884120067700708, 4.8871493149068934
8.2972895940755009, 5.1649295782588682
7.4581721527782365, 5.1027927096662511
8.5729463448241745, 5.7049454792387921
8.2205507312085757, 5.3593169978216624
7.2872759127805482, 5.0252343350161519
8.7249405437644327, 5.8941927349189074
7.7687533972776261, 4.9045081145540026
8.7050644260424903, 5.6334110825759049
7.3317109625446877, 4.8562417328007976
8.2282270108959352, 5.1176324608408352
8.7700331387050809, 5.8356676912582346
7.2816611481527689, 5.117165124284079
8.473645754355239, 5.3187699478776702
7.6320208422855726, 4.8704740834928915
8.7637336876189522, 5.9134745284939934
7.7332358872622091, 5.1194548269148017
8.6184378873386507, 5.4926898358092986
7.404265177790788, 4.8505806920625725
8.3612693224644232, 5.2213902167913533
7.2858261370941948, 4.9439489380697497
8.7279943182207944, 5.6855439283937104
7.9393774339822363, 5.187470646806255
7.3001941459066417, 5.1360611557512366
8.749033562040502, 5.9152400276139767
7.8712259626148482, 4.9352986166635633
8.4412915721335793, 5.5508985779989901
7.4968119100613917, 4.8540777623603697
8.6771536107453429, 5.8273947411799201
7.284719710688198, 5.0695096730861637
8.5438691664392152, 5.3948369514668864
8.0414353574309985, 5.0099983492578675
8.7599945303661357, 5.7842465673457122
7.315292699407725, 4.8608658532794893
7.6981728672961411, 4.8847317670830792
8.5401808651487627, 5.6603590663488292
8.7699586630316162, 5.9015152019923791
7.3736103153646981, 5.1153558711326363
8.1096312879514301, 5.289044916262001
8.4193358487799017, 5.2702972545129123
7.2856299534839239, 4.901512663366792
8.6776454627806388, 5.5813212121356068
7.4318837606041344, 4.8508343590559955
8.132904302275513, 5.062644072324475
8.7125497648211621, 5.8784259890461543
7.2858231849172244, 5.133162801959565
8.7446163318869665, 5.7310528573927266
7.8051927774022598, 5.1393932292897064
7.5977227333629243, 4.8650335382355978
8.5952022232014258, 5.4628779976563431
7.2876158807344256, 4.9985961142256814
8.7718735177621454, 5.892073419247958
8.2648668071928455, 5.1409487593307981
7.3514915149016717, 4.8531955352021692
8.3340702940889813, 5.4464650195567765
7.9576648603229421, 4.9669479556240654
8.7417136732810548, 5.9108121062987715
7.2820488767713529, 5.1028588968565787
8.640353394120865, 5.5225893985030838
7.7327049367925991, 4.8940959338444872
8.4999018293304403, 5.3447481709140172
7.2939444118977024, 4.8759393712247219
8.642952567881018, 5.7806675214970094
7.5158669918606931, 5.0977821923428701
8.7720423470724924, 5.8534437033828768
8.1902053589097505, 5.095297523197897
7.5285232253553529, 4.8567841578773612
8.7171883391366265, 5.6597666583808826
7.3159471859682101, 5.1321228939966526
8.3292110116090825, 5.1929497797653612
7.8371751504170373, 4.9247819906123711
8.7594536050352332, 5.9162120667751639
7.2861990106732124, 5.0486961425151557
8.2436959788941735, 5.3734467027543547
8.582840970376914, 5.7163670554251746
7.2855243573549844, 4.9373332915424735
8.0059217663894202, 5.2217588248918334
8.7668921018399217, 5.816243312459723
7.6120225899446607, 5.0951803491661787
8.6917943423496737, 5.6070569788207587
7.3823865807032734, 4.8510358461913059
8.0098743084063244, 4.9924479844193579
8.5224266426094104, 5.3691464203756611
8.734048177136053, 5.9041037289691021
7.4094274170616261, 5.1084867923964952
7.665259551087682, 4.8769466876663161
8.7371106114639758, 5.7094391672009346
7.2827706787494835, 5.126856585933532
8.4460686936891847, 5.2934918355599203
7.3055409318061537, 4.8655146105083213
8.4816665815003418, 5.589471784443508
7.9044474282940334, 4.9463101593417038
8.7671749281378268, 5.9087012554835434
8.1010755010319073, 5.0444171120526748
7.286778516516546, 4.9646939191895543
8.692228044394092, 5.8495174386117954
7.870134819838829, 5.1599587120499075
8.3997162050931138, 5.5130103730234774
7.4710842238900268, 4.8524007097977142
8.7728174077010124, 5.8656785398789681
7.2832388601766853, 5.0872266911405726
8.3903971314485375, 5.2459614312915557
7.3456695945148569, 4.8539058041763683
8.754973926044002, 5.7650588390802371
7.8042175309304991, 4.9149466936973853
8.5308018409142292, 5.6474369910179307
7.4747384418498326, 5.1013013286752065
8.1945475770087342, 5.3437270244877242
8.7547132178463158, 5.9167809440316619
7.2874729435464731, 4.8904513701523564
8.6350007051447122, 5.5150336278247361
7.2912542474310458, 5.1361601568953974
8.2386851896225437, 5.1240334486613124
7.5720866259137862, 4.8615954438224884
8.6228364373788438, 5.7573479044297118
8.0715922427298565, 5.027377798983367
8.769179403299411, 5.8298035308414784
7.2874571416807088, 5.0182614348320493
8.5639472119787285, 5.4212974044507201
7.7101510020622168, 5.1134139414609701
7.4244612293457779, 4.8506889478862769
8.715955199555161, 5.8829604000667297
8.0596157967625217, 5.2552296870711901
8.6733130507962457, 5.5738672538801248
7.2849878214510797, 4.914640975378803
8.3056400735190508, 5.1718944478437452
7.7233075090067143, 4.8914616308220333
8.7727273229955074, 5.8831142148996927
7.3325616205773914, 5.1268868998722015
8.7251201432654923, 5.6784455768169737
7.9317593973970153, 4.9563159565549109
7.3192505606135869, 4.8594794687640261
8.3683830330355562, 5.482285954185774
8.6715479694421234, 5.819279296142768
7.520204980381723, 4.8560082969298941
8.5892646085546929, 5.4552363511915063
7.2818219132750643, 5.1070027849425133
8.1621981885507537, 5.079303675937326
8.7616102064422421, 5.7909980995957619
7.5606069859744833, 5.0947254177686085
8.2917481942755984, 5.4071845214504686
7.2873009030751676, 4.9796643817759767
8.7692490119148516, 5.9038003081352608
7.6234621356078121, 4.8690127385873732
8.5647208189419359, 5.6945028777930355
7.2957240550611617, 4.873674293402968
8.4931355952205934, 5.337833657679707
7.9842689011152137, 4.9792663770963204
8.7437136507783606, 5.9122436431825713
7.3637792387523406, 5.1177797501760169
8.701867830321163, 5.6268438584185221
8.3528588694045922, 5.2141120616664347
7.3686830899102462, 4.8517200162429441
7.7789955050407169, 4.907511508585217
8.7469540407912447, 5.7382361909690305
7.303414201652811, 5.1354692417041727
8.1539138492728895, 5.3184629832687209
8.7019148806081219, 5.8635861811042043
7.7870920869573776, 5.1341999207720912
7.2858319445664579, 5.0544644971967871
8.5499596141432761, 5.4026407318780238
8.7708537048576929, 5.8419966218872519
7.4402255707579643, 4.8510589111349036
8.2160395950845526, 5.1103438350691492
8.654970589530258, 5.5442408503425264
7.2853370889601523, 4.9050358279588027
8.7607459311886515, 5.9156566877911212
7.6736157084400345, 4.8787938045325747
8.4533386366627852, 5.5619511747741663
7.4413111370122964, 5.1044568146105407
7.9572314934538033, 5.1958470137459623
8.6032616951216596, 5.7372793516955847
7.3276294075503943, 4.8571503304568724
8.452828018385361, 5.2995368300619861
7.2833136726799141, 5.1286978794492493
8.7276963531891667, 5.8973738868207315
7.8464031215172962, 4.9275824465512637
8.735051996629096, 5.7038413131065484
7.2861334838269842, 4.9504080960575445
8.287767369044694, 5.15741297219519
7.6635868545335937, 5.1024954540392509
8.7729764092592433, 5.875297069553242
8.0333061571814568, 5.0053834908700567
7.4890178013294344, 4.853519072513607
8.6128959161178926, 5.4854878216123817
7.2835888164273799, 5.083089164403277
8.6591875861668512, 5.8019077814643305
8.412097324018724, 5.2641631919638785
7.2896950678428754, 4.8836334226637499
8.7643768341371597, 5.8034774616682201
7.5535570736619304, 4.8593954346139947
8.5080728171843347, 5.6185713912013933
8.1094695804402406, 5.0492429882155081
8.7506563577442549, 5.9158794428237771
7.2870485862411885, 5.0317288070253783
7.8958193039326749, 4.9433496659290244
8.6885311505120058, 5.600920597028165
7.3971231666576616, 4.8506559080632252
8.0964767494385157, 5.2800880129875631
8.7714189060580949, 5.8949982161622332
7.2969241534560298, 5.1364402276268146
8.5168832658485556, 5.3629227036442702
7.6413837428485847, 4.8721630889667873
8.7144683493994748, 5.6536391218919535
7.8866179039730016, 5.1658736320460976
7.285097085749908, 4.9255139911291161
8.4271339759293937, 5.5380993653504911
8.6825237076625541, 5.8352528583630212
7.4001056011724318, 5.1099955753950193
8.3223199508801002, 5.1866752385667327
7.3568108410470119, 4.8526497295120175
8.7646934174223361, 5.9124397729157936
7.7587671791404969, 4.9015925039589954
8.7511291025478002, 5.7517259142190023
7.2817823568185576, 5.119868432031855
8.1830674136830766, 5.0912020368096842
8.5490643001515707, 5.6728928241312113
7.3001816065949869, 4.8692928653869716
8.2562020143804133, 5.3814525136533158
7.9648503617823385, 4.9701298712698234
8.736186680689336, 5.9061493925403896
7.2876229784501492, 5.0042667907281286
8.5767184848679037, 5.438655417926328
7.5977230140678484, 5.0944149459470625
8.7584722053861412, 5.7781708686781501
7.5902030846929902, 4.8639750148854199
8.3703197909686864, 5.2291022163422669
7.3204515809615716, 5.1307318358257641
8.6452199587387284, 5.5296249328654534
7.455216686007458, 4.8516143854079532
8.7093809504256399, 5.874099439233988
8.0641789684790979, 5.0230863241126871
7.7505490389379599, 5.1241038711680256
8.772669470885333, 5.8624553319060491
7.3118144147484019, 4.8622882000976633
8.4678205703975138, 5.3132842134445655
7.2869740455638778, 5.1342372654843453
8.7082330947791959, 5.640070024907275
7.8131529201380001, 4.9175952397556815
8.343373869876693, 5.4561499497300732
8.7561762175538789, 5.9168191614103742
7.2860935772241548, 4.8976307763236173
8.2576420359646221, 5.1361218843890564
7.4855838304172293, 5.100357972157469
8.628095642940643, 5.7631266542553314
8.0200085777147478, 5.2300899527640903
7.2875566290990266, 4.9920863207658472
8.6643856164427007, 5.5590756993474999
7.7054525035169572, 4.8866234090095846
8.7722089137208599, 5.8893673250077443
7.4102193508372496, 4.850565760767247
8.5378421461242837, 5.3873386317403495
7.2828541702653995, 5.0918728278485341
8.742739682787672, 5.7254537672367478
8.0031761870875613, 4.9888875071014001
7.5363200507227814, 4.8575531388339224
8.7221495297678615, 5.8908339820646498
8.2067737368952294, 5.3510700515030338
7.3470217331571037, 5.1224371819366832
8.6015483361223275, 5.4709718990936844
7.3359705498556709, 4.8554159484563231
8.7686579583449813, 5.826479880040826
8.1406671064412848, 5.0670640474347559
7.8233304963102608, 5.1447848061924448
