6.9402778049565406e-06, 8.4564992105562418
0.58796690696916287, 7.2529178775884384
-0.37689082020653519, 7.7488474707168118
0.097076807867557291, 7.3702296498757898
-0.33707603551855858, 8.2639748259536088
0.64362722366753489, 7.4540025267518439
-0.43619643548361753, 8.0195600993500751
0.36652516495957432, 7.3021009119830973
-0.14557005322112995, 8.4180146734443646
-0.18274506929963688, 7.52252978675567
0.62758304446230384, 7.3487841417933746
-0.048275514015026333, 8.2965588647886843
-0.29702247474933507, 7.6269870779637765
0.41688317758734261, 7.4887845776481905
-0.39821672655311746, 8.1517380672195809
-0.05265872119009346, 8.4516395014372243
0.51486954132965068, 7.2576470011413869
-0.042330114985263678, 7.4351905824256272
-0.42751182950239441, 7.8948503994734276
-0.24911005190805649, 8.3571262195265383
0.64257627617765523, 7.4132846078099854
0.22142431998442733, 7.3377651376234789
0.0074994530034456219, 8.4244580879036768
-0.048167792320436165, 7.8621078893250056
0.6109087086025069, 7.2829407292546486
-0.42227977015001417, 8.0855753748650763
0.14098389165704903, 7.5986781628973867
-0.1999856054252778, 8.3900351312199994
0.58194000943315261, 7.4675590658501401
-0.34168719848465134, 7.6863401964940445
0.45100695401697366, 7.2767706901581173
-0.30035306502067449, 8.3101187901217894
-0.11604515976339694, 7.477496802834751
-0.021327682490936029, 8.4576506508026235
0.56117454217888807, 7.2487364355540231
-0.40980994261659875, 7.8311737038128184
-0.08968386157624933, 8.121977651768244
0.62532000384989872, 7.4633909988006559
0.033802811631892082, 7.3972109001651143
-0.097030051078194318, 8.4377319578925203
-0.43759129303932698, 7.9603973635788021
0.29427570021289118, 7.3212011111216606
-0.37007535436439742, 8.2100621418628759
0.61952427898788032, 7.3128692724674744
-0.2444361697522002, 7.5730384460103872
0.01015908026690765, 8.4460130128587103
0.50939324446380696, 7.4736648480325849
0.15590254523193722, 7.352159710442451
-0.016801898664406012, 8.3682340357766982
-0.39488579310519045, 7.7898818789530475
0.60093747988898927, 7.2637907466682927
-0.27575588588038791, 8.3347384401440401
0.6466320319732175, 7.4361468681587235
-0.43055896284475781, 8.0532729805751408
-0.21386937498393802, 7.5466786504259966
0.29093884742112952, 7.5236541401948864
-0.17175638531267803, 8.4054353686114958
0.4849448019929723, 7.2663099326519296
-0.38471546283649094, 8.1814342580930042
-0.0786515340626667, 7.4552426435689023
0.63485359383624584, 7.3806448549370893
-0.0011906436187789082, 8.4021131296144524
-0.32173509951037194, 7.6577702234540732
-0.083148678221670297, 7.9971282932655994
0.40682425200623673, 7.2903207092680526
-0.074098851639115809, 8.4454799470165902
-0.43384894896099413, 7.927703631391803
0.57542580529781007, 7.2491962964303704
-0.32064000598124853, 8.2862089789571041
0.065660597347429628, 7.382935482470665
0.60768863450102217, 7.4657335200552817
0.0065188113987471596, 8.4527416473028332
0.029725393526517208, 7.7124346567141453
-0.36143787601591459, 7.7190736857050561
0.61561394669479186, 7.2976335298500468
-0.41138023860866613, 8.1185202712812377
0.25775202185913859, 7.3298014678570746
-0.22423164870819259, 8.3749257886269213
-0.15010408132779143, 7.4995065658578506
-0.070907477583753847, 8.2296634126285877
0.53926029974649325, 7.2517812040957574
-0.41948462061061209, 7.8631045565173734
0.64650262007254455, 7.446279324703057
-0.11990700394825818, 8.4289903522722689
-0.0038487009021909713, 7.4153524357007194
-0.35443941246950506, 8.2372814962345213
0.46592961396892307, 7.4796615650605398
-0.034019020990870119, 8.4558092266117946
-0.27237156952785035, 7.6000779698758203
0.62398866590053914, 7.3324794237330844
-0.43825810409019683, 7.9909417240921838
0.33190260527296378, 7.3116008453969821
0.010345524389036298, 8.4364981176132368
0.18405844474528807, 7.3457250735361592
0.63886549543594229, 7.3974668764712925
-0.26308729629203675, 8.3458699501357749
-0.38663606848965915, 7.7700750236572924
0.59524994975003964, 7.2577252248020878
-0.031862411340464136, 8.3354887714181309
0.21701213370366021, 7.5527428278659636
-0.41715236819409685, 8.101936193245951
0.55055577666526845, 7.4697104119924669
-0.22939543528674203, 7.5596981006130273
-0.0097806416611038727, 8.4580757456997198
0.43059399525188813, 7.2830851058957231
-0.43608713397687782, 7.9441065185927853
-0.1855574814191048, 8.3981690592997289
0.12407067971951422, 7.3609361506220035
0.63712914228517392, 7.4595532819935793
-0.068467256148631167, 7.9307236407673711
-0.34607968643439524, 8.2505700992712558
0.60641098601546717, 7.2725887880734996
-0.31016440271338475, 7.6428084147537172
-0.085572922527214518, 8.4417369248941192
-0.097210992726980222, 7.4660631444770837
0.52754555263498148, 7.2543903466240218
-0.43381882460306687, 8.0362499953847539
0.35630225674539251, 7.5034926990570279
-0.08214591573939059, 8.1812824745185591
-0.40329400630040768, 7.8121589017714426
0.63124292488732991, 7.3650910954437032
-0.28950009370948671, 8.3215151455649412
-0.022373115483796668, 7.4247343914650523
0.0037415848667362028, 8.4139423163852847
0.64515485789087834, 7.4257170625931446
-0.39148057131601066, 8.1670052440968188
0.3859083186417448, 7.296523105982808
-0.35169173212769966, 7.7022777188502056
-0.13290736584942844, 8.4235881379842361
0.55220875715003914, 7.2495957914928235
0.07719423756932825, 7.6573622831061678
-0.042841287875228617, 8.4540067889335369
-0.16678357881149178, 7.5110085354493714
-0.42390432678723899, 7.8797591769120343
0.47009058205583032, 7.2708563733144169
-0.23570419543095691, 8.367041224754761
0.20309108739578194, 7.3416571330021094
0.59595606325866712, 7.4666480348029092
0.0087233613559459244, 8.4498395009439982
-0.40516084944444375, 8.1348679707688909
0.62165708424234922, 7.3220490779596341
-0.26034709396006583, 7.5880430930412297
-0.31191659099030933, 8.2969354201007643
0.049751196747484683, 7.3899240442325445
0.58206650485965228, 7.2506255943056823
-0.43832281244911686, 7.9774000873769166
-0.0091965084735025626, 8.3844761706665061
-0.01745123560019296, 7.7857783673872527
0.64091244696343908, 7.4570152262112694
0.31203965823338653, 7.3167644110202525
-0.15912677356655006, 8.4116883121456887
-0.36960880944688246, 7.7342844021250636
-0.36335128462531874, 8.2221626672886199
0.61330432440354188, 7.2898972940332181
-0.0046746587020169428, 8.4575927468575536
-0.060490592329651621, 7.4450419548007085
0.38803432920213343, 7.4953160625939086
-0.090600456177684224, 8.063457947043748
-0.42702840415746268, 8.0683071138799498
0.64076977018972614, 7.4054702466154803
-0.2856474064738439, 7.614162071228507
0.50039256359197126, 7.261717904932099
-0.063472417935857367, 8.448682184214892
0.13912950149777545, 7.3565160721437914
-0.41472685586783486, 7.8467586942090248
-0.21204354011037377, 8.3827652406902295
0.53084917983959046, 7.4714082033762645
-0.058969534552135217, 8.2677456606377273
-0.1339044651363768, 7.4888075903593583
0.56877584232185385, 7.2486298529804083
-0.43113387768185307, 7.9121669315930712
0.27413087103873413, 7.3260284903118142
0.01066968221267045, 8.441274438831524
-0.37757877930075001, 8.195802476295027
0.64686272677604806, 7.441537384558111
-0.33187856909454372, 7.6718112666665528
-0.10878612212255415, 8.4333614660798197
0.6038015474162377, 7.2679533695280876
0.014977350681240564, 7.406124884574802
-0.32874738525168301, 8.2755871020726399
0.25544593870825427, 7.5366113774966985
-0.43749293814627921, 8.0060615053018314
0.62944257871079956, 7.3571319393122119
-0.19900260792443628, 7.5348439760517758
-0.01583899445142295, 8.4580521916678286
0.35050456050067968, 7.3065736473129812
-0.28221538863864204, 8.3286821304859906
0.61807044302859127, 7.4645923062148762
-0.39898726811235152, 7.800459600605488
-0.02451883636409663, 8.3516637204998538
0.083040560207534198, 7.3756961593504693
0.59185648030165638, 7.2551535177451791
-0.035050823997801517, 7.8254455993330607
-0.41427428342825723, 8.1104054139490067
0.48693656624749182, 7.4765199145753849
-0.19280677189485299, 8.3941549269277154
0.441154283165899, 7.2798254443726629
0.0035861695567956375, 8.4549361957889069
-0.38170303262332272, 7.7590613015540777
0.63670767490198288, 7.3884521648160026
-0.25223777094713462, 7.5802729596541036
-0.08658259369998858, 8.1530515062647648
0.23812276992472733, 7.3341633374364728
-0.25580740042339478, 8.3518578438858988
0.61764319568523818, 7.3052354457131736
-0.43233499919782903, 8.0445293124340829
0.10867300825709778, 7.6263047936699744
-0.028143152113175363, 8.4567926169702012
0.54541871849214929, 7.25062936521583
-0.10660182860333303, 7.471703939629287
-0.35895120205747066, 8.2297542159208614
0.63212134622433624, 7.4616363236131926
-0.43505671194890427, 7.9359263338483315
-0.039990695538266452, 8.3168099304323313
0.11075262376875913, 7.3653039283228106
-0.30389819627510839, 7.6351204808446491
0.56713367206812948, 7.4685141495681018
-0.1263895043945116, 8.4263363368479709
0.49278482668031942, 7.2639557625401645
0.0091435284243087112, 8.4302756132457795
-0.35653415116699183, 7.7104531640386478
0.62566870417675902, 7.3401036516147622
-0.40150435500802362, 8.1439100087410718
-0.032237290497151905, 7.429856027046875
-0.30620812802133379, 8.3035847978358941
0.32570343388704803, 7.5123660372738721
0.64598619458621998, 7.4307374634476355
-0.079583306319706809, 8.443725757752599
-0.42171414567316534, 7.8712977602968364
0.4171653784204975, 7.2871936942916244
-0.19091145218686204, 7.5286380268997002
-0.087824466206557178, 8.0290377014272316
0.60869994557160667, 7.277445536000358
-0.0048753884425014049, 8.3938611063438167
0.17018351857408306, 7.3487985519863281
-0.4380826864140076, 7.9692448123807536
-0.21858241973188977, 8.3786244184361856
0.64547310876483821, 7.4503892249232218
-0.38129504839801787, 8.1884236591015931
0.57884196239277785, 7.2498041685526085
-0.32706359011678832, 7.6650299958874664
-0.047836863939176355, 8.4528442832751089
0.023936747690696036, 7.4018424728367416
0.441414776424635, 7.4839086976859415
-0.42475381324183703, 8.0769017375547385
-0.15256955295483901, 8.414796247975513
0.52132566147164128, 7.2559431401693582
0.0067852305657521428, 7.7443332473715225
-0.40672311921245952, 7.8219536360273478
0.32217983976882014, 7.314155049806133
0.0095593301072565695, 8.4480194102622725
0.63305073021935088, 7.3729449918284198
-0.34124334920265842, 8.2578838100988943
-0.15845954113859231, 7.505203409743765
0.59821370851361011, 7.260568632877189
-0.065169074444712566, 8.2490100063962739
-0.22220624087265331, 7.5535804745831934
-0.24227768488248283, 8.3622797614688871
0.18090528202068698, 7.5713678364307109
0.64390040202214593, 7.419352208099057
-0.43794979695558711, 7.9988377932499715
0.39529443602957859, 7.2937616296503132
0.0056910167795916622, 8.4191188665527044
-0.39069652260568122, 7.7795930215751037
-0.069513919673967722, 7.4500645975762234
-0.10287524742779122, 8.4355913234812299
0.62063186757717248, 7.3175790271475956
0.21207539294857555, 7.3397535345698808
-0.29498748781738904, 8.3158650255442677
-0.42944524915061921, 7.9037431514853873
0.58915634881557666, 7.4671004663652036
-0.075709810493451629, 7.9603006493958857
-0.012602837941558975, 8.4581300570056293
0.55709743333934214, 7.2490443433567373
-0.27909165826311444, 7.6070958069352921
-0.39462952007187513, 8.1599891375750726
0.46166356235482753, 7.2734636887837647
0.074192473551248084, 7.3793238342754899
-0.17824774048239259, 8.4020766955860999
0.62908648536276091, 7.4625253962546063
-0.34633510044789706, 7.6935933010368851
-0.05834765181993079, 8.4501248377886817
0.28358889958505362, 7.3237885352927004
-0.43514437543486084, 8.0276797873302606
0.61439564860911688, 7.2934268265064484
-0.3248725107561744, 8.2807450433840355
-0.12552429993511008, 7.4834401102783454
-0.013165023544937371, 8.3759856605924661
0.52026616643936152, 7.4724653293133168
-0.41688307103773925, 7.8539934646738159
0.14710896607403443, 7.3543778459587026
-0.002060416298720058, 8.4570820035577334
0.58530203408015624, 7.2517398367997083
-0.37355092664876299, 8.2035599358801203
0.053599277603764206, 7.6833251307717996
0.63787040102916692, 7.3933124941071364
-0.26913972262723185, 8.3406697684127202
-0.23748169703256575, 7.5667751011261339
-0.077110244501058661, 8.2054034092308026
0.50775726829234302, 7.2596103532587373
-0.41986127175396748, 8.0935257500316204
-0.01227776303400846, 7.4195838748063858
0.64468390305998313, 7.4522156317100476
-0.13945009570323388, 8.4207476183882584
-0.37297221892043997, 7.7408843845021886
0.37483450726496248, 7.2997312435338921
0.0099089520096296568, 8.4337850710821165
0.37270759436039047, 7.4991356219589216
-0.43693413021346006, 7.9522587197630754
0.62296911115119102, 7.3278847810289358
-0.058835908367024403, 7.8961938964042639
-0.20583817860554812, 8.3865635021126046
-0.31585718820676523, 7.6500390178568418
0.24755254673563173, 7.3320878534046026
-0.038031153016911234, 8.4550329736194492
0.60507922086453036, 7.2701125266311744
-0.4083410755036937, 8.1266766876525445
-0.087888958061194261, 7.4605757177410021
0.61295839890563131, 7.465212895720776
-0.35030607380437051, 8.2439564849283595
0.5338904761789236, 7.2529182156149412
-0.035866671842251507, 8.3264090087346752
0.042500394558976196, 7.3932048278195603
-0.41207256715124319, 7.8381988777876428
0.005206308909484092, 8.4538716910955607
0.64681620002539675, 7.438923741083415
-0.17506470083687201, 7.5169195629894938
-0.090954946792580232, 8.0937232370152721
0.45369787756468427, 7.4817024170910083
-0.42891988625896149, 8.0605646907573494
0.56560752617412491, 7.2485908027069508
-0.091259589467378804, 8.4397812401046686
-0.2911933051106903, 7.6203214061233959
0.19226567394765767, 7.3439587899317127
-0.2306007303165192, 8.3706128401493451
0.62854770722949227, 7.3531287352286663
-0.43253287517940608, 7.9197853288486639
0.27309882994390311, 7.5299726166745993
-0.31603103863960247, 8.2919637976077194
0.47736451944735436, 7.268619331803138
0.001290284648943596, 8.4079040648712784
-0.36535341441070746, 7.7262237738337953
0.64172890618617928, 7.4095756826464987
-0.16523432643472272, 8.4087095242133039
0.10398041715378356, 7.3676897678733164
-0.20647732960116552, 7.5407215296967189
-0.38804829878985603, 8.1744305200557346
0.6119970167954476, 7.2859678469823601
-0.02452394752732262, 8.4572911938143172
0.34226593997223465, 7.3088226326912542
-0.43836161897605452, 7.9845141698454283
0.55879767421093463, 7.4690931961453524
-0.051076203612526017, 7.4398933336140169
-0.053427221958282034, 8.2831317864861571
-0.33686910285041638, 7.67907781128664
0.59367140347753478, 7.2564474431059063
-0.28555241675742771, 8.3254448270527668
0.63914933153143338, 7.4583527590136933
0.01054340848424401, 8.443666971841143
-0.40110011390760436, 7.8061194819632389
0.16046633673168573, 7.5843582914750778
0.4241767543684728, 7.2850544987805117
-0.36652299512525321, 8.2165318214149305
-0.068725656330991841, 8.4471329747004198
0.0057140414906254322, 7.4106267921782285
-0.43686541538473167, 8.0133348089992698
0.63395374674593641, 7.3768171253342212
-0.26595498380599203, 7.5935760862771895
-0.11475365784179029, 8.4310443949551548
0.57230565936894195, 7.248839818818781
-0.42576821021663991, 7.8873497080458757
0.30309132081239032, 7.3190206909271689
-0.33308863163844127, 8.2696257251238574
0.49775888780982158, 7.4750796678762663
-0.14172884396610821, 7.4939201732565133
-0.02071100160898881, 8.3598760126269944
0.61671788600548028, 7.3016806111296484
-0.026901234162055532, 7.8057677197781059
-0.25946877861246698, 8.3488815068333118
0.13099220602652481, 7.3588382474332699
-0.0071371808939079684, 8.4578973243826745
0.64674927072094435, 7.4441463688279521
-0.38420968417981005, 7.7645856676430975
-0.4158026671988978, 8.1059621889150684
0.45611387558898131, 7.2751854400710991
-0.088331973775106848, 8.1378051209976512
0.3107383735285919, 7.5170645940848297
-0.1889770728058924, 8.3962932670253103
0.60221618928564014, 7.2655413044109247
0.057855126126979128, 7.3863259162179498
0.007726762885090166, 8.4513708904589144
0.60201937762577118, 7.4662058295921634
-0.43151415871719367, 8.0486997394506439
-0.25607755272094046, 7.5839191719926768
0.54870508926690875, 7.250094371939654
-0.079668447470384068, 7.9786961503638265
-0.39291485737291654, 7.7849792650981238
0.64458521684945524, 7.4227149577191947
-0.14906977766873022, 8.4164180351721605
0.22985454979364847, 7.335956903019679
