2.0345181743799281, 8.9109862493142948
0.24105985419433837, 7.5560465779823653
0.96216519868609951, 9.0113575040143097
0.66159259447205288, 7.4834227326697098
1.6257664336361712, 9.2160874504278247
0.519706175912104, 8.3312641536893928
1.751218119124657, 8.8210063553569391
0.32936873570793612, 7.8440332916824458
1.2648632118222152, 9.1900640458548146
0.47845131489022052, 7.4784046909557569
1.9133096491852855, 9.0673597969859578
0.68363819415739457, 8.6654032015359626
0.78930341560128725, 7.8638278312772298
1.7813041640020075, 9.1670452391780053
0.24236182547902105, 7.6492899052063814
1.0058544551808508, 8.4027698219347364
1.9873837362109357, 8.8742065033525925
0.59213463105954234, 7.4488614130663544
1.1047935905559909, 9.1231156983438204
0.43202456340456596, 8.0910882603783811
1.4539175582861346, 9.2221088311063504
0.32216922907323753, 7.517053203639521
1.9982668376585964, 8.9822753136171478
0.8083458872356728, 8.8293790296638583
0.72154959520584883, 7.6271396525816124
0.59195127190385777, 8.5042040761563378
1.8471191253276786, 9.1217952891040035
0.23017203109970383, 7.5939299057974887
1.3591446368379165, 9.2112759256761514
0.87518754773794272, 8.0990098803655677
1.8936041562434398, 8.863805654673417
0.40163717347061667, 7.4989340817620738
0.89015653092339719, 8.9300993658038301
0.37968605367838937, 7.9587406908277769
2.0255201277922787, 8.9416266850124408
0.69041740625842452, 7.5361369589396583
1.6977168207270223, 9.2012281485553338
1.1568245916696809, 8.6934439281761549
0.27646343430118325, 7.7304207863820489
1.1774857041453244, 9.15926086501754
0.54766827195943635, 7.457147823404072
2.0240402679415817, 8.8872466669137999
0.48187100242438263, 8.2276887229935181
1.5422538275260804, 9.2233688900093007
0.27102566344143331, 7.5337089057555611
0.73884718885500988, 8.7419231937742872
1.9575432020891186, 9.0265691546957321
0.7522741417596619, 7.7368050370811199
1.0306610857539609, 9.0730517352243503
0.63055832181760096, 7.4562154200158028
1.8089250149901006, 8.8377849648312754
0.55737237534559925, 8.4267363041385259
1.7415714966369209, 9.1863280469350919
0.25684158796885559, 7.6863418311624523
0.93579772627419389, 8.2411695285232209
1.4060888165990362, 9.2178806699853304
0.35926580782999029, 7.5084962587119159
2.0139466015199958, 8.9612035735846867
0.63724243218873355, 8.5907962411808931
0.82358440910993225, 7.9660391066468419
1.3541203294441841, 8.8988290827582226
0.23268164887339368, 7.5727349865014739
1.8800419223801144, 9.0954884891948318
0.70519618074547297, 7.5753091106318644
0.92647822907281907, 8.9728282872159362
0.40557361162723116, 8.0224316427644755
2.0098635168389039, 8.8795185146965601
1.2206582278852223, 9.1759894273935423
0.51519871713563092, 7.466968063372911
1.5859711445848161, 9.2206859327372719
0.30363978375047485, 7.7886169213437748
1.7060239577200194, 8.8412551672482671
0.77342080467115992, 8.7860281469280004
0.64625152899544802, 7.4668041381839609
1.9777552355934618, 9.0058044035550502
0.45957837571493898, 8.1658575756506178
0.2913431982274145, 7.5257731711082991
1.0670327761421119, 9.0995367487672176
1.8130932338982775, 9.1469190900199528
1.05864676431826, 8.5186987656512478
0.2335400787311582, 7.6191360924353129
2.0325639704648233, 8.8989171251743322
0.73754670852431858, 7.6834209533890823
1.4975960142386795, 9.2238060330233047
0.61362429702484733, 8.5476050162348791
0.44065700312439149, 7.4891706329423267
1.9427862136087755, 8.8699022301353416
0.35436315919996819, 7.8996810695499073
1.3103478276691602, 9.201694984393928
0.85040088820086468, 8.8813234631549527
0.61048314350082777, 7.4497965706670835
1.6664351994769346, 9.208887700710978
0.50254703819368829, 8.2848556166343226
0.25303540662742396, 7.5442750972557144
1.9354537369673879, 9.0475544613013206
0.90421620306083228, 8.167909923197092
0.99707214986388815, 9.0448384041402612
0.67701879192845227, 7.5078167994065845
2.0320381108044523, 8.9255781712950615
0.7715354532805121, 7.8048827939873631
1.1426628272491739, 9.1433164518171246
1.8464801059593925, 8.8516066836925056
0.28888648386724303, 7.7571524159283607
0.70773302291981666, 8.7000466790217992
1.761635052256564, 9.1773897653895453
0.56919797326799526, 7.4518800059785244
0.539986695280531, 8.383969143082421
0.23066271799021906, 7.5827581012388174
1.6496521094836878, 8.9266298818667629
1.4297308704905005, 9.2202812191576022
0.84609449328531228, 8.0263749099316417
1.96846807271764, 8.8720083514944541
0.37923967887829069, 7.5040603337297691
1.1032586618842954, 8.6055232157684607
1.8638715661192635, 9.1085985309728379
0.41850988213422913, 8.0555720341429655
0.65936317338650086, 8.6278661427651535
0.2488717651821287, 7.6668333301165257
2.0065763708911875, 8.9715930114509028
1.2425641813975672, 9.1833258697060423
0.71291519380551294, 7.5988133776292424
1.64560547812342, 9.2129231219549332
0.30625082206383614, 7.5212387151769855
0.87100788528120732, 8.906730264856126
0.9700141903144357, 8.3202482385422876
2.029256998902492, 8.8927777131215713
0.49780726002855702, 7.4724462774824625
1.0487242151549749, 9.0867024792516737
0.34197662493004632, 7.8718182326570298
1.7763307486633182, 8.8260827375605579
0.62112459588562374, 7.4523507372831981
1.5210713445560116, 9.2238558288831136
0.57404605270649811, 8.4653793014143908
1.8984659988888013, 9.0801182232381983
0.24643084466162976, 7.5499513020118281
0.80442565204703542, 7.910686983006749
1.3342620451226976, 9.206748639615018
0.44754933447852907, 8.1328866306032417
2.0292785689686093, 8.9333617583405847
0.66953342199233945, 7.4949344234172566
0.94435710098895087, 8.9926404730485849
1.7202653906381458, 9.1942700160046407
0.2368998498860205, 7.6322119702073659
1.2387160302892737, 8.7977816418776449
0.42260954261848671, 7.4938449680127812
1.9681681066401411, 9.0158825901151509
0.75622795396505738, 8.7643255428930011
0.76083439267987374, 7.7674893090530626
1.8277745817490385, 9.1364232644339118
0.31555437467446101, 7.8141188104931514
1.124126831076387, 9.1338273434050272
0.4922152725914144, 8.2563913734984933
2.0003168265328441, 8.8766822880061689
0.53398074733467227, 7.4611380638508829
1.5664261884842203, 9.2221740678145743
0.2622877977687833, 7.5382145126008746
0.82767431827730875, 8.853244181263296
1.7281607216371868, 8.8241664712327328
0.69738993635951929, 7.5536058642135311
0.62472156612195406, 8.5684007120663317
1.9888421881977423, 8.993488399177533
0.26625757757957846, 7.7079420688310174
1.3822309603867622, 9.2148340689273773
0.39132999491670806, 7.9869551336594027
1.0287263076786231, 8.4542912066703515
1.9188669835822822, 8.8675732317122034
0.34016622315296818, 7.5127814271981643
1.1975815998166424, 9.1674402872982732
0.58167612759704768, 7.4497901454741688
1.7961964180276397, 9.1581169249015097
0.53016063542845004, 8.3587749816228119
2.0341842495688334, 8.9052818870253638
0.73005630327438653, 7.6566287821661669
0.98093857896762993, 9.029900429554548
0.23105152051308239, 7.6051734863728919
1.6067188540942452, 9.2185635964940538
0.86090508130734222, 8.0639521513936963
0.7213400373305332, 8.7186944594608597
1.9252341855207988, 9.0568237223689572
0.6533726892055951, 7.4736586480027265
1.2883589240377218, 9.1964134604200716
0.23596553522749816, 7.5642834447920686
2.0204564119778774, 8.9509009893745706
0.36721637987473177, 7.9292815181753324
0.90803225097442763, 8.9514723192563714
0.46004366903058824, 7.4838112563737988
1.6836420374266921, 9.2049338690265223
0.95220529253397346, 8.279076088584679
1.8681066997988354, 8.8580811016878336
0.4704060445619247, 8.1958257695495771
1.4751446341583956, 9.2231920267704446
0.28162156816676831, 7.5292365864641235
0.60149624886051911, 8.5237890038550255
2.0179406519373004, 8.883136975079541
0.68369614891295627, 7.5210689757558677
1.0855158843819324, 9.111540769946739
0.78046556117056398, 7.8350319393290162
1.4731818062267676, 8.9583644156905073
0.29562575414998638, 7.7715325701182545
1.9469355991555788, 9.0368283957944691
0.60190114144598383, 7.4488859445075315
0.79164665892821362, 8.8087242245147728
1.7517046066891013, 9.1820058897897034
0.23944069951027389, 7.6405598851160201
2.0338201648146517, 8.9180903461040124
0.54955516320668196, 8.4078078584837392
1.0140184189097907, 9.0595486661112794
0.74441244012862584, 7.7083006951628485
1.7916901098292741, 8.8312547932101815
0.38998306225155777, 7.5016324368060916
0.67145407809731794, 8.6469339319518816
1.8376587758093081, 9.1290443165065618
0.63841855287727456, 7.4608028556537827
1.1610097642729029, 9.152009252724941
0.43944917172684783, 8.1109564875797879
0.91816410986095165, 8.2003701397053899
1.4418727676827798, 9.2212777738875538
0.23148155460587647, 7.5776074689617596
1.9569872933065882, 8.871036396302511
1.1931008685335256, 8.7436740425335806
0.557801789938557, 7.4544671133627398
1.8891749438718208, 9.0879291051722824
0.27109378676028772, 7.7186795948074769
1.3466994399302961, 9.2091028897042086
0.81424210520361684, 7.9395680520976084
0.33085946110445807, 7.5149472208965884
1.7095409557032668, 9.1977478934741477
0.83947302187489314, 8.8678199168863152
2.0172504001148739, 8.9561444828194503
0.51075341280474462, 8.3072159490216091
0.717042871638226, 7.6121159033236561
1.6895891522436897, 8.8658382091316987
0.32297107085469012, 7.8301206647550385
1.0796501433859957, 8.5610936399961837
1.5544719605771162, 9.2228519569343668
0.25748675193634629, 7.5411489888415497
2.0269162284694766, 8.8899410889701862
0.64824214418302817, 8.6096052921311959
0.48822931276895631, 7.475423177748838
1.2098733520742384, 9.1721023158275905
0.39866354325869058, 8.0050873334535044
1.9833998892796374, 8.9996349094161978
0.93531820592313708, 8.9827442733986267
0.66570343611635097, 7.4891150288633535
1.8044151369898516, 9.152802130823364
0.23206451238995926, 7.6117841556087464
0.98797222120641814, 8.3617295649037935
0.58176896169425008, 8.4824637607698925
1.8280539383718577, 8.8450986779428469
0.52489868806450901, 7.4639272948043081
1.2770082686226785, 9.1934394955771346
1.9797632184456675, 8.8731834575284232
0.29865744798222782, 7.5234529771417096
1.6358416333899923, 9.2145586437266722
0.83523925428686696, 7.9978305112930483
0.69676397817264601, 8.6845580165430896
0.36058983343351347, 7.9139282194147382
1.0580887986670773, 9.0933886924585785
2.0330652027349267, 8.9217624908427062
0.70121254822447399, 7.5639591204289198
0.25281686386930435, 7.6766823053209174
1.5090172137226345, 9.2239066172901794
1.8714036682608453, 9.1025352490294189
0.47614738827031844, 8.2117765576488804
0.61612900984530783, 7.4509353768819873
0.88075097093812915, 8.9186653822432724
1.7394641955623826, 8.8212828487205037
0.23839236378113612, 7.5599215984910808
1.2938586982854672, 8.8518332743111294
0.88911907436079063, 8.1323810831042671
2.0025327648372895, 8.9769028109806435
0.41281858036680152, 7.4962626753486612
1.3937388249865406, 9.2163826349047859
0.76578911013947804, 7.7849591286692013
1.7720384855833502, 9.1721228485695256
0.56527796901256822, 8.4453563468716162
0.28270734380872231, 7.7439104775424932
1.1147280165700535, 9.128727659079555
2.0139746750768794, 8.8811727503119222
0.35051553796395585, 7.5104427240281746
0.78235691169955701, 8.7971850876026956
1.9412146080379515, 9.042217587147281
0.5758203221397038, 7.4506565530946469
0.42491591538806095, 8.0722974755933912
0.97191584108612128, 9.0211438301447266
1.5964753642033911, 9.2196835749263037
0.72626240769815653, 7.6433207247457569
2.0335386276754499, 8.9019998197595918
0.23020006081222819, 7.5888550969876869
1.1272116472394613, 8.6470022957427979
1.7308223806077465, 9.1905175118153615
0.64248726427647385, 7.4637301024187019
0.52474210781266195, 8.3446001653264084
1.32096037514477, 9.2040245625406634
0.33621930285419499, 7.8590646455983331
1.9066738380410855, 8.8659648256107708
0.73054266269475776, 8.7310001750449722
0.45062936482585614, 7.4864581808978139
1.9065329057643283, 9.0732299160368903
0.79648910789156546, 7.88646690951638
1.0219546725285709, 9.0661017733030711
0.27604038669897168, 7.5314825642815189
2.0274618177074282, 8.9375702245840678
0.45376323494111959, 8.1498658977169054
1.4851885426924964, 9.2235345610167094
0.6868774857108717, 7.5279833604768678
1.2324007814340929, 9.1800131677481964
0.24545855769338062, 7.6578887407640588
1.763703993304047, 8.8228066871277129
0.63095789527120716, 8.5796917868120595
1.9630636738427243, 9.0210734583415721
1.0171865792908135, 8.4284792721833988
0.36943599657344894, 7.5062436110274868
1.6573717468493554, 9.210738953856815
0.37423389072534097, 7.9457663985094156
0.8604974763011326, 8.8937890096994003
0.65718578609855727, 7.4779290516330699
1.854649506975028, 9.1159153420880763
0.24389712055354637, 7.5526060799328514
1.9946354412997125, 8.8754497287689595
1.1517702461782859, 9.1477155129116206
0.74821156225389829, 7.7220939149527803
0.49720264027254601, 8.2701667828540248
1.5577639204992819, 8.9700550090644988
0.50679048015246608, 7.4696213028720644
0.91652663809012425, 8.9614093649801383
2.0103849402681875, 8.9663564688940092
0.26140357251899193, 7.6969479760738162
0.92696789174497796, 8.2207584030611596
1.4175049737591066, 9.2191160538375065
0.6071289970693583, 8.5349957365343165
0.59706522290535546, 7.4487524979530813
1.7886984552869678, 9.1627289111306744
0.3093610259507128, 7.8008385183990923
2.0311036546225645, 8.8957254547678311
0.81701809398543035, 8.8400868153553596
0.31369904189791786, 7.5192160842030527
1.094367706294433, 9.1169710647710183
0.85359348200532836, 8.045578731319889
1.9316360364211378, 8.8689214349389296
0.70896865323983449, 7.5865585209422415
1.6757277204798895, 9.2068269697435206
0.23046886944364617, 7.5996039923942798
0.68975645542726327, 8.6744215707477288
1.7166161310730019, 8.8308327984017048
0.41206177138079003, 8.0389450345374875
1.5321405245761197, 9.2236653062795746
0.54142357474181169, 7.4589269758625329
1.9932525455911887, 8.9883409816387392
1.2545269429687578, 9.187029436316859
0.23415729521398818, 7.5683945428533059
0.54475666292812108, 8.3959425425774477
1.8208594170141112, 9.1414440477123584
0.67371949360001637, 7.501887108821891
0.98968944002978398, 9.0381170588289699
1.0441614011917422, 8.4880381767045172
2.0343440523758738, 8.9141357113924222
0.43189151161803185, 7.4914777528301792
0.77629616914607014, 7.8210840813922813
1.3706958776053197, 9.2131322500580772
0.34815550386667671, 7.8856411527554764
1.9197772424638928, 9.0616799461489386
0.74842658796535333, 8.7543387377944448
0.23508111652740213, 7.6255442600270706
1.8575076836095676, 8.8550858800566239
0.62627120222207666, 7.4542532606411038
1.1870686889668518, 9.1632498165075127
0.46500355295331119, 8.1808479404343384
1.6160398896116333, 9.2174175601649928
0.73407188743450846, 7.6709241788169047
2.0231990685316412, 8.9460656481209675
0.26654505612123647, 7.5359047111927149
0.96142583508789259, 8.3003894311200437
0.95315030277074286, 9.0020158958530168
0.58683970960204435, 8.4934011421541733
2.0054565849576904, 8.8780645295021152
0.4693217502373328, 7.4811227225034935
1.7360788869586856, 9.18851744603732
0.29942559104572386, 7.7796312112164552
1.4020201069337388, 8.9280699829642352
0.88212468523754795, 8.1157124103719731
1.9522701682078449, 9.0317152103620906
0.69392006819385998, 7.5446805624166666
1.0401853645278989, 9.0803759614850428
0.24982395296160406, 7.5468484980674981
1.4641546642137426, 9.2226920054884438
0.66496349845786384, 8.6367949862922764
0.38590445166183518, 7.9737215600770694
1.817842678827772, 8.8412299452761083
0.563393759716176, 7.4531308258042168
1.2997698772106629, 9.199231943387236
2.021378924034567, 8.8852466844317526
0.51468725851419195, 8.3178323232076643
0.2867509519108663, 7.5273473083863403
1.8423662036282438, 9.1254578649085794
0.80002684170476912, 8.8190989240441944
0.75661737432515097, 7.7524404848494024
1.5759372066496751, 9.2215099049645595
0.25908497375906425, 7.6915963074862583
0.89882978534056535, 8.9405379740708888
