4.6434514875214932, 5.9879526736441742
6.1421428422004949, 6.4881897085169848
4.5185284943314246, 5.5018939420885937
5.5619965076689377, 6.7498362233930758
6.1699464612156119, 6.2046445485632136
5.0013386612789441, 6.404361015812797
4.5484099339330131, 5.6842307199745834
5.9171845934854899, 6.728162896363977
5.722351102444784, 6.206778098996133
4.7984442569345847, 6.1900650220438296
5.3091040884149594, 6.6352436684674965
4.5585636427695961, 5.5577435711852532
6.1804221208009578, 6.3179928765331583
6.0464876231695213, 6.6360595832887634
4.5803227111725038, 5.8314290403836155
5.7389061232836349, 6.7698334166111858
4.8776507709164507, 5.9620440771068752
6.0477383057802028, 6.2149045851609381
4.5195155229808153, 5.5306492241240983
5.1534409967359425, 6.5235709781305511
6.1061088469633047, 6.5656539623952321
4.6752354808166432, 5.7298623777666338
5.4365078994370473, 6.708688085486437
6.1863265186462781, 6.2427176694213538
4.8895724543583414, 6.2938205169342014
4.5339697675684052, 5.608897572740184
5.8338540113952542, 6.7577545587625076
4.7061453954004806, 6.0778636585101227
5.8855399711736736, 6.2262741393807959
4.5277533307870685, 5.5100869452351668
6.1650459205523402, 6.4016386993190446
5.2176732925384757, 6.2753847949608472
5.649533894734426, 6.7655051641969175
4.603265319176491, 5.9043243819267355
6.1307772204836821, 6.2004575082379079
4.6103616126280942, 5.6382329650322598
5.9863667514663019, 6.6865218753807634
5.0768902958745921, 6.4667433123935902
4.772425192481994, 5.8483779206458495
5.3734545117869184, 6.6768851011059249
6.1853397949197726, 6.2777107985250185
4.5244969988393864, 5.5589254404690012
6.0794471195612827, 6.6012735943876217
5.0110742839463294, 6.1073097216528192
4.5628766960886553, 5.7565745396239807
5.7906863272258002, 6.2152746562975247
5.7875923704374665, 6.7661220699122149
5.2307065838729345, 6.5790164137607414
4.516934469148457, 5.5084184730117522
6.1548301119956532, 6.4449078221375453
4.751712116737953, 6.134356250965042
6.1810175870138293, 6.2173656624052898
5.5037129617020151, 6.7337097366007237
4.5831410506259163, 5.5966354891661796
4.9406964630938335, 6.347222480628127
5.9525792670327418, 6.7089603671199507
4.6213097945471988, 5.9465969232949378
5.9783221460658522, 6.2241816479778054
4.5397267360820424, 5.5278139633999119
6.126177555207323, 6.5289693704246767
5.4419217745414565, 6.3655403361595306
4.8424082827633272, 6.2411298581521431
5.6917643568004914, 6.769175274774569
4.5555110035659085, 5.7205003734781252
6.174144834338537, 6.3557689957833796
4.7222603257051619, 5.7897983249103229
5.8769054244017935, 6.7450221514843145
6.0995469165226792, 6.2053550891722944
4.6738572947410946, 6.0345949328967814
5.2696496678883848, 6.6071103105850648
4.5217672061417149, 5.5031624325047241
5.6872474100109693, 6.2441643263244524
6.0192831081698186, 6.6606391982969919
4.5403958727366289, 5.6424979700985682
5.0388804158656493, 6.4364202549341778
6.1557399645847708, 6.2000666239438624
4.9375893700920601, 6.0282603956733967
5.6022489332474388, 6.7583238569137842
4.5719963203355123, 5.7978321787015163
6.1347513433854557, 6.508715171923023
4.5284024472975561, 5.5797063582059261
5.4057667452670595, 6.6943430828022636
6.1864660131221525, 6.2594995768763555
5.0983558692412112, 6.1900778193011847
4.591723334951074, 5.8709577852438573
5.8115645432692427, 6.7624244194103875
4.51770232088806, 5.518067236383069
5.9322820237088818, 6.2268168183156591
5.1182610111024625, 6.4979500789621776
6.0641834074653813, 6.6182337107619427
4.7291448300911556, 6.1067845199973627
4.6384411322803958, 5.6792031567587431
6.1699214497823887, 6.3780426525498379
5.4737057850345687, 6.7234902391343931
4.8234173574164361, 5.9038601138739226
6.1843380263641903, 6.2274528074746884
4.5478259866755595, 5.5405938304317077
4.9673828754817615, 6.3732213671924223
5.8979650306271649, 6.736841533675574
5.7526309049054527, 6.208609124049393
5.1942795564334121, 6.5528723503268163
4.5173078733949241, 5.5038202405243846
6.0949083109429436, 6.5818619197087367
4.6573690361209232, 6.0103345665942465
5.714485910611196, 6.7699746485814467
4.8647017442284097, 6.266370804770184
6.1830373521892481, 6.2990476740747292
4.5441734345769094, 5.6622209558814811
6.0752399853379258, 6.2099231394643093
5.3411424808726879, 6.6569549831788999
4.5708388986742081, 5.5772896868541197
6.0021715930044648, 6.6745991859101617
4.7765247506467903, 6.1641182194179658
5.5359856236765603, 6.7432129901397895
4.6975168339907514, 5.7589132214711549
6.149683442372381, 6.4637886722457063
4.5215672089643535, 5.5427685795669506
5.8365930538599722, 6.2221531574098394
5.3106647402037952, 6.3239549961028994
4.6116134801127133, 5.9251350004433947
6.1758257704925468, 6.2094346760602095
5.7637067409960148, 6.7685450980177189
4.9154418190194535, 6.321401340811037
4.5323857004425649, 5.5166439229077193
5.9679878150578061, 6.6992369399152674
4.567293957251974, 5.7770990699482541
6.1604155355870942, 6.4222373208153494
5.6250915201295237, 6.762179543838557
4.9068796743769996, 5.9941755732448927
6.1439676806693937, 6.1995187314831215
4.597240122548901, 5.6184042290488287
5.0972492094812987, 6.4822894365433834
5.6268061027092608, 6.3265928663492703
6.1166823761281774, 6.5478629346473989
4.6895760288357424, 6.0561850471440666
4.5242136329004881, 5.505644176951912
5.8565312647164758, 6.7516877069697623
5.2893163327116328, 6.6212392667772884
6.0149505581236751, 6.2199983043288976
4.5857795703125435, 5.8512484308477761
6.1775514141896108, 6.336180907278508
4.531211878231507, 5.5944625214949122
4.8206977867025715, 6.2160939277054839
5.4548166870904433, 6.7162938157827918
6.0339508116436091, 6.6477699569822031
4.6544606988230557, 5.7016774398558541
5.704440452523273, 6.215111267277039
5.0192504536095024, 6.4199482970846455
6.1856118752131435, 6.2348331487390398
4.5519922732865057, 5.7026594506283184
5.6702777032204432, 6.7676486451172488
4.7975069217368231, 5.876013322043165
5.9346585867255497, 6.7192180973492635
4.5171625246522966, 5.5128371229131092
5.0535086112912291, 6.1493951058020793
6.1160596997686723, 6.2024893439634541
5.1750898440656075, 6.539127409496353
4.6318274922063951, 5.9673352110790967
6.1458494755329154, 6.4766609081122022
4.5370701443460151, 5.6251104912503083
5.5805076207967526, 6.7540048380689095
6.184315353064032, 6.2881606669502519
4.5197768573264527, 5.5019014024441981
5.3576087950716955, 6.6674029255384406
6.0872885864225479, 6.591775592946072
4.7636546045926709, 6.1487389324058883
5.156278827166358, 6.2359121117825298
6.1636846859340819, 6.2018225158931708
4.5261542112697386, 5.5678043201614154
5.7999262242728742, 6.7643845579129556
4.745536143349665, 5.817605547693657
5.8613210292822613, 6.2246846263700535
4.9822531697030792, 6.3871226498382905
4.55935075569153, 5.7395580127968815
6.1675784743307416, 6.3896398629367974
5.2489656193097334, 6.5921802606268125
4.5973270939154505, 5.8879027282451242
6.0555626139874574, 6.6271269818252145
4.5186204168077539, 5.5248517128201842
5.519329670716453, 6.7384914216021565
5.9566518173434373, 6.2258024393811775
4.9712601873449609, 6.0652131497279926
5.8877927749700616, 6.7409618456208458
4.6228977424954509, 5.6567725326212903
6.1865854648712171, 6.2516982752370973
4.8771134626686719, 6.2801733798433803
6.121697727256783, 6.5382878335236621
4.5528660306628099, 5.5486350463699141
5.3915072749728106, 6.6869515174458352
4.7171493264416116, 6.0918343313365542
5.7368487143499758, 6.2066606744128707
5.7272926859931639, 6.7700346444057837
4.5760087821349815, 5.8145312469844628
6.175935805302653, 6.3456871611290859
5.0585266566609741, 6.4523291802138667
4.5359634812263154, 5.5220098616562909
5.9773274668903538, 6.6929287333414331
4.8498324939081856, 5.9320393736964379
6.1786002062883751, 6.2130044543125331
5.5312628422318193, 6.3663051361059688
4.6648714790191734, 6.0216233413314493
4.5766853491073123, 5.5865204448412848
6.1575451885770489, 6.4341776735344576
5.2122115362509804, 6.565724535319867
5.8450242593571273, 6.7549381961299213
4.5170246316596705, 5.5055995072946411
6.0620746741276816, 6.2123649864033306
4.9276375741628913, 6.3340141096504121
5.6369746918233199, 6.7639018584535515
4.5462186729710696, 5.6728676262145052
6.1110695455381103, 6.5576654987625398
4.6164690373070671, 5.9362042424230426
5.4220919730990014, 6.7022205187784047
6.1499768304873497, 6.1995729406751794
4.5228861108520535, 5.5501433666947024
4.8097304708774873, 6.203307617144362
6.0110540894754676, 6.6674909707627998
5.8110150111005163, 6.2186283876570529
4.6859296190453792, 5.7439554884634463
5.1353681096609565, 6.5104818333025642
6.1817341337149641, 6.3088831869930937
4.5386626686334397, 5.6334373380639251
5.7527830289047808, 6.7692607292094999
5.2637818829196776, 6.3005259172600825
6.1383023785941573, 6.4992435525295713
4.5178643706669179, 5.5024767873566995
4.7399617000228007, 6.1200753156813592
5.4890965891360404, 6.7289080755302573
5.9990139605760531, 6.2220315167516747
4.5694857035533802, 5.7869137547063021
5.9428813559411848, 6.7146499186318929
4.9542181678732371, 6.3605644362645863
6.1829604110123269, 6.2223628887563587
4.6375286709896502, 5.9777066182699032
5.3245156886169172, 6.6458786631577889
4.5640671361535086, 5.5665284229563641
6.071884514157925, 6.6098956260246604
5.6708162633994101, 6.2758790901344712
4.7585306733955735, 5.832644656873776
6.1860292579239298, 6.2685666617607341
4.5204474779615937, 5.5362912644825153
5.5913050311407426, 6.7562280493802982
4.8523393955310654, 6.2524394435653798
5.9083847699050152, 6.7322841359892687
4.6303894307798972, 5.6676607672043753
6.0891994615060296, 6.207285316977285
4.9902330180350782, 6.0855443696455582
6.1627613057213066, 6.4120125188549162
4.526016815699653, 5.5078193851322448
5.6812964406396427, 6.7685221840447207
4.5887064823015011, 5.8611892759315554
5.0868781229434328, 6.4744217684170531
6.130626662272344, 6.5188903002875813
4.6822340531832412, 6.0462505890738329
5.9086941572567779, 6.2269572014963446
4.5298847516964331, 5.5875022119702082
5.8225130587449749, 6.7602848201433341
5.2595719060620612, 6.5998377835633244
4.5574213604654945, 5.7300431791411528
6.1727393641199226, 6.2065685763110006
6.0272134193431084, 6.6537880149765778
4.902482185259065, 6.3077188563480329
4.5433940989298849, 5.5335669702246948
5.548586945391798, 6.7465342924814857
6.1720785280857298, 6.3669048252867677
4.8635970805190825, 5.9468179209099796
5.3735946958875838, 6.3490994790881539
5.7700439147652753, 6.2115853626683064
4.590960605052925, 5.6087659070012963
4.7872440247356893, 6.1768441637580525
6.1003412380346331, 6.5742795734767876
4.6069610818718134, 5.9138388735417005
6.1240334399959009, 6.2012986388185647
5.7756998129087629, 6.7674795300107613
4.5207420652276484, 5.502387640881218
5.0288518780360087, 6.4280813522498415
5.3823895275081108, 6.6819668577064784
4.6641433060207804, 5.7149475483176042
6.1521653058721908, 6.4549183416452616
5.9603790172411264, 6.7041441187214028
4.542390139982186, 5.652916689687463
5.1645280637562623, 6.5315493328075656
6.0322258868717809, 6.2174545707082709
4.650412708092678, 5.9994118890530297
6.1791516193856237, 6.3262857868014182
4.5180823128004137, 5.5210397957874315
5.463926934806552, 6.719843146094278
5.1245606004460713, 6.2118128246300701
5.8668093704332902, 6.7484739037592414
4.5648685262172934, 5.765946853332772
5.7119358266147922, 6.2097403528149266
6.1860431492210735, 6.2388387767860616
4.8313302274542709, 6.2284043113038452
4.5301147519920493, 5.5133571004681565
6.0407588004701749, 6.6414965056663755
4.810275185246998, 5.8897957710083739
5.7028314968659766, 6.7696726114984012
5.2992646005135642, 6.6283178290927731
6.1600004553850694, 6.200816128414492
4.5352835558532947, 5.6157683772113787
4.6984241014634422, 6.0678727995317212
5.9943920716283214, 6.6805830409752298
4.9917848462447845, 6.3958152832553532
4.5826254861650115, 5.8400015907511191
5.6138848638113084, 6.7603764212814221
6.1848611869759891, 6.2828772854950339
4.527164568617299, 5.573168306009241
6.1440122426074764, 6.4824845558575257
4.9223595706810288, 6.0113551851941098
5.6956828774392401, 6.2272242882339457
4.7108268982384773, 5.7757024920628668
5.9257971618494194, 6.7238823658572793
4.5169989386927769, 5.5103958262230046
5.2209877253599517, 6.5720262157584353
6.1374468412065708, 6.1998384559609159
4.5503786261550987, 5.6943855145327946
5.527097281596526, 6.7407409890073717
6.0909416406547576, 6.5871173220124684
5.0337077692732217, 6.1301577449928972
4.6263472111476718, 5.956816396705638
5.9444682562527502, 6.2264184957571205
5.1088129305616983, 6.4909500532845366
4.6040981836506321, 5.6288212439936922
6.168709718669386, 6.3841024044468364
5.6598800333179975, 6.7666542435842567
4.5190757918631137, 5.5017775748760842
5.3493435339959676, 6.6622298285810624
6.1075879317628532, 6.2039112864861332
4.757661030953412, 6.1415354941216629
6.1192188670147258, 6.5431253826991105
4.5236734250139365, 5.5544594814259094
4.9089557173044129, 6.3145884605890084
5.7937763537021718, 6.7652937364848862
4.5946605413595707, 5.8800263066008016
6.186524350671287, 6.2474573576933397
5.5806838718575813, 6.3530880822524702
4.6461852770241494, 5.6901488596090717
6.0600591856896058, 6.6225417664853632
5.049331408617193, 6.4449504432638927
5.824045304825213, 6.2205325191808223
4.5502983535953847, 5.5445343312480739
5.4447450821395345, 6.7121907806917998
4.7231100501873415, 6.0992948718897795
6.179869898256686, 6.2151054222783388
5.882378168789951, 6.7430256783072844
4.5741285928909692, 5.8068231333309521
5.1873694340854941, 6.257049745444605
6.1589334407458791, 6.4284801643421838
4.5341254416898567, 5.5192296938919876
5.5709241318315614, 6.7519029482876869
4.7843574293796154, 5.861634376629703
6.1823749542143984, 6.3041665736377874
4.5325746643436036, 5.6015986259039439
5.1855143569180315, 6.5465955239745819
5.9818844419458825, 6.6897360814902749
4.8587136048867636, 6.2596441918122112
5.9890363411775125, 6.2231396346137524
4.5537441620275105, 5.7115804067619367
5.7458541297558705, 6.76959281509997
4.8924899003338114, 5.9782869032882404
6.1327091984570883, 6.5138588235147461
4.5229236616777984, 5.5042486429980402
5.4136528770283272, 6.6982243202505538
6.1670588938963773, 6.2031323280662685
4.669321107508897, 6.0281140558331723
4.9607940962362855, 6.3669279216346739
6.0757139090860433, 6.6055888942242627
4.5674004898317664, 5.5718337391082473
5.7795793903255808, 6.2133034976073391
5.2798859932942124, 6.6144802533229745
4.7331266051712833, 5.8029245023305913
5.8397271108056978, 6.7563146456821821
6.1732174766378121, 6.3608275039170694
4.5173946897336892, 5.5153315478064018
4.7930256929458155, 6.183678561124947
6.0818280874623012, 6.2086794098370435
4.6004382513520286, 5.8966902638726753
5.496339610886495, 6.7313280241169773
6.0069960055179363, 6.6707751920807974
4.6163653037193102, 5.6471615903915273
6.1862761780106892, 6.264164618739561
5.0100789417217308, 6.4120363050399058
4.5611700322803559, 5.7484021468575834
5.3424895860583606, 6.3377624952489926
6.1480388498911891, 6.4694316629444097
4.5209584458907104, 5.5392788110910027
5.7203100646322449, 6.7700378728884667
4.954907640241232, 6.0473743267384501
5.8739108355607028, 6.225622299007882
5.3320388804728696, 6.650948790449406
4.6468970107396759, 5.9936968723549677
5.9036789266475465, 6.7343851924170233
4.5175234669923698, 5.503136708457995
6.1849459882805062, 6.2304711864782627
5.1434365285197616, 6.5163409086730733
4.5414479247151833, 5.6479955371522452
6.1034516481109504, 6.5697088575481581
4.883538079696085, 6.2872380766617946
5.7292482885127791, 6.2063576649188734
4.5782184714867897, 5.8233238939574941
