-1.7089359559238086, 5.2644498050460813
-1.078504335228361, 5.5802540333028938
-1.5172711113304247, 5.5803151674081919
-1.1108129346172022, 5.3694367732012553
-1.5248818147329801, 5.2441627697198792
-1.6807552827943535, 5.4571478693092716
-1.2316070205210268, 5.6142943831926972
-1.0880833563161063, 5.4684286290762865
-1.710814711625434, 5.3486360966699324
-1.3785806823675786, 5.6100479387793216
-1.2478068571618992, 5.3862665756927415
-1.6222750868144924, 5.2611338628308646
-1.1228384729448579, 5.6049814268442057
-1.6182664186174758, 5.5218141858324481
-1.0961607283627488, 5.4027297237470586
-1.7133566313580626, 5.2957519094600309
-1.4187944097853007, 5.3678284034981418
-1.0753981173623275, 5.541009702382298
-1.7004050022165014, 5.4101068177877218
-1.4480650980634395, 5.5996896677109733
-1.1558455139521955, 5.3702258584250098
-1.5630137230302121, 5.2490026948429795
-1.1723696562629387, 5.6111213714590216
-1.5741922450848189, 5.5518099269533119
-1.6851275291212058, 5.2622497693135886
-1.3000695515682936, 5.6147285739932267
-1.0921925324565522, 5.5945484540997521
-1.6570907188829576, 5.4884826415036487
-1.1009295296472759, 5.3813144128389405
-1.5066036717296656, 5.2721502275004442
-1.0810864784972283, 5.5075622275918272
-1.7126509945423745, 5.3205600750716942
-1.3249603606815812, 5.3883037661598765
-1.4836618849189322, 5.5912173693031813
-1.7125444648918939, 5.2743948808559091
-1.0743611769422488, 5.5636974254203375
-1.6924187077321402, 5.4335803090473975
-1.1301060626184396, 5.3665089976212501
-1.3374797266448029, 5.6132862772727998
-1.5909957694389572, 5.2556855708044923
-1.1465796583935857, 5.6086207967406532
-1.7070465124070704, 5.3794072708459462
-1.092633942183683, 5.4346727995672284
-1.5495214755980367, 5.5659959094885929
-1.6586626608408632, 5.2635163102414184
-1.2620692634417041, 5.6149314083179904
-1.1963417633192692, 5.378365189393155
-1.6390936491464199, 5.5055002974662957
-1.5381444023591537, 5.2436402522947576
-1.1039829549894777, 5.5999867920160016
-1.4138535385922226, 5.6056571770402721
-1.7013561344503312, 5.2614655494826872
-1.0846477242380901, 5.4885365515413342
-1.4813199684314158, 5.3212476701904388
-1.2006181784267385, 5.6129749613944897
-1.6704451430698579, 5.4726174375714765
-1.1049994846359128, 5.3742198503076475
-1.7092727466246085, 5.363537930166772
-1.08333421368326, 5.5873608886793571
-1.5952618939263796, 5.5379635634440314
-1.5152598049674013, 5.252043533369954
-1.0944241382961992, 5.4179639286188435
-1.7132542121450551, 5.284084602424838
-1.3580714784353363, 5.611896848984018
-1.0775046856164907, 5.5271008120820371
-1.2852099976587696, 5.3889331696264486
-1.6413305194208643, 5.2629718567286554
-1.5010564098728325, 5.5859964893733549
-1.1735320237793461, 5.3737982371907131
-1.7037608002182647, 5.3966386077159081
-1.075574094128372, 5.5719716901615621
-1.7131034544658401, 5.3085017518394162
-1.2804075840578208, 5.6149805083997189
-1.3762608296501087, 5.3811224750922095
-1.1195514214823719, 5.3667866686690724
-1.6290682561189935, 5.5136625408624527
-1.5502488604204128, 5.2459020458400376
-1.134277173409602, 5.6069672408166271
-1.6947079417991258, 5.2615054738390485
-1.431708952223518, 5.6027752326509246
-1.0905325202620533, 5.4517267675609569
-1.6871332139276614, 5.4453420841775833
-1.0743146684617686, 5.5526463781292081
-1.5357377569427821, 5.5726709915018633
-1.4981626701835837, 5.2929883815330117
-1.2150230274705025, 5.6136726705298701
-1.7111516743381141, 5.268254320361387
-1.0981137695387007, 5.3909155310976091
-1.7118328584612523, 5.3353623504935053
-1.1119260259012067, 5.6024514282523521
-1.5848149486854861, 5.5449629070808486
-1.2203238319735179, 5.382572783492507
-1.6050636401494554, 5.2584723495334851
-1.3191426449569705, 5.6141590573032092
-1.6967156747279428, 5.422070896743862
-1.141043376187534, 5.3676660583795064
-1.4660537363125685, 5.5957387479186673
-1.0792404210149813, 5.5173869286294499
-1.5197691399688382, 5.2468600574077344
-1.6730138465985316, 5.2631134798883936
-1.160513321518353, 5.6100968240194833
-1.6496679129876834, 5.4959654061969738
-1.0872754924382535, 5.5911067821960474
-1.4520202223493202, 5.3495618545032722
-1.0952707317416441, 5.4101087897394509
-1.7059562947120763, 5.2624275019108255
-1.3957785367847195, 5.6081097282104588
-1.6755810418484696, 5.4653640444414409
-1.0864318438816711, 5.4784381375975899
-1.5761178912177225, 5.2522614256572853
-1.2464918031017633, 5.6146890049705798
-1.5613405872482555, 5.5595467701616572
-1.1147627412539138, 5.3678136668199175
-1.7082462346224812, 5.371456413443771
-1.0768028070529938, 5.5762197673675589
-1.7133617514199553, 5.2897499870629696
-1.3480560864614775, 5.3860568788445713
-1.1862842862358975, 5.6121233693565609
-1.607500269807377, 5.5295170291043059
-1.5314172700193127, 5.2432132072365443
-1.0994228379392028, 5.3856860524957684
-1.7122819657250641, 5.3279234299683695
-1.0979457423753531, 5.5975591478647191
-1.3680369248896669, 5.6110588285146372
-1.1845796563037341, 5.3760531984381474
-1.664036958833125, 5.4806886688484235
-1.6322172489331475, 5.2622473224106239
-1.0747520655422365, 5.5468068798629426
-1.4924389089689016, 5.5886856078246128
-1.5107949145815398, 5.2610865703419174
-1.091649893010407, 5.4430383727088634
-1.7053014211291309, 5.3892156633806545
-1.2660069790896686, 5.387928727797985
-1.7119734857512892, 5.271122754724332
-1.2903401723063241, 5.6148941507125238
-1.0827775177577281, 5.4986308456077682
-1.5269202460009852, 5.5764929176220521
-1.6792985303809285, 5.2627114411922102
-1.1285103510417842, 5.6060327715387261
-1.1249035909431215, 5.3663974859246446
-1.6899523209709411, 5.4393409701234186
-1.4230026553028325, 5.6042405117337468
-1.5564628267925993, 5.2473740896736851
-1.0741703643422598, 5.5590037921176831
-1.7132523339414714, 5.3026616853042343
-1.2231025276494678, 5.6139994397185946
-1.1029839445296774, 5.3771153613944032
-1.6441881697893759, 5.501047553840654
-1.3986537307426177, 5.3751606619752552
-1.7101663871681534, 5.3554627516960354
-1.0808576758583557, 5.5842307401288815
-1.4573240605189797, 5.5977339969217725
-1.148639632380126, 5.3688917594423531
-1.6506792245084181, 5.2634048368051731
-1.3284505561743545, 5.613757343121887
-1.4912929658200313, 5.3062557303768303
-1.0935560962827127, 5.4262281376709263
-1.6986357728716921, 5.4161396643557902
-1.1535261702180735, 5.6093996737618399
-1.6013414056877717, 5.533800924472815
-1.7038719545245751, 5.2618066418407041
-1.0764550283404561, 5.5335332071916641
-1.2329641434708181, 5.3844377385081552
-1.5836141156084291, 5.2540382288558307
-1.5674200262568287, 5.5559736985320507
-1.1164860677679032, 5.6036051581221296
-1.7130084986713594, 5.2790895225211232
-1.0970460783723526, 5.3966520995192804
-1.2702952175953841, 5.6149859997019549
-1.6837247522755117, 5.4519183532688595
-1.5430329728923577, 5.2444057492219409
-1.0892686392955129, 5.4606840214639272
-1.5094774165791891, 5.5831541048010864
-1.3050701485795047, 5.3890990981244835
-1.7113834347450048, 5.3417054024629005
-1.1929956168680975, 5.6125428922610512
-1.3878255131917443, 5.6090519597996726
-1.6132530777257681, 5.2598491635010065
-1.1077978213952464, 5.3714305393281458
-1.6240399797041956, 5.5175239168888845
-1.0748476013077324, 5.5681344930684675
-1.6906615122112025, 5.2617892788161109
-1.513078858213271, 5.2559537884677399
-1.0949083825862205, 5.5960757213762777
-1.7022538123047848, 5.4030726991863078
-1.1646272086291931, 5.3719725313191597
-1.3477747612502158, 5.61264775140386
-1.5431542130293561, 5.5691902822717489
-1.7129095026253534, 5.3142941363830589
-1.0801520703356589, 5.5125036335602653
-1.4667552104376982, 5.3374494527388956
-1.6672170163767557, 5.4768035826346884
-1.1785202622797344, 5.6115879653776028
-1.1351468756083081, 5.3669229821656836
-1.7100944924438533, 5.2660014665863182
-1.4745138040376717, 5.5936538124275481
-1.085249904956372, 5.5893276536358778
-1.5278690439187856, 5.2434892406409341
-1.2078676692490917, 5.3804860763066253
-1.6946433284023878, 5.4278881213691266
-1.2533663886450002, 5.6148179590457525
-1.0855538666887712, 5.483481955834379
-1.6658484489401768, 5.263410001438154
-1.4054727802268887, 5.6068496918130863
-1.6342756144261468, 5.5095105375687732
-1.0948482073583337, 5.4139640037124588
-1.5031780604482081, 5.2812015622175368
-1.1403032132267599, 5.6078273884913878
-1.7062533215211626, 5.3840835814103274
-1.3095739058891469, 5.6144863569456342
-1.6983524901395224, 5.261376067404016
-1.1018851877349662, 5.3791623310032834
-1.5798666499641552, 5.5481937104400894
-1.0741944392330269, 5.5557361163508618
-1.5696590352366211, 5.2506693657861492
-1.3614109372160799, 5.3840436401017344
-1.107477481578252, 5.6011544076535751
-1.7133190501060607, 5.2989668225255935
-1.6602668588613152, 5.4850265315991082
-1.1170240832521274, 5.367227462970285
-1.4402524863840485, 5.6012198598056502
-1.078271931514452, 5.5227117313042919
-1.5983725591310243, 5.2572094129003704
-1.2081459631012323, 5.6133583305614652
-1.7097263264632214, 5.3596033535821457
-1.27538288213743, 5.3885188814859832
-1.555274421836631, 5.5629410717292247
-1.0911089583049447, 5.4473454335288496
-1.7128146722545476, 5.276743169672657
-1.079529916616204, 5.5821496327283429
-1.6782122576115863, 5.4613147514614555
-1.5176890205843152, 5.2488236784688995
-1.2388563555414807, 5.6145060632342743
-1.4352200683566154, 5.3599998959914723
-1.0975473543626408, 5.3937624055605662
-1.612711190789734, 5.5258289009833677
-1.7076194862898173, 5.2633154331615524
-1.1789624209549048, 5.3749126454893572
-1.1659100420239328, 5.610585489400358
-1.521987236369023, 5.5784916172166392
-1.7124671798950242, 5.3244072687599102
-1.0758832703020447, 5.5373910962056856
-1.6273697135176117, 5.2617453283049516
-1.3530802870176133, 5.6122751451453867
-1.0873353178129379, 5.4730590953419389
-1.7013832825583488, 5.4064893836999888
-1.534782653806533, 5.2433082368490043
-1.0897745103442007, 5.5929848375840026
-1.479009737246068, 5.5924810273324228
-1.1092173623969843, 5.370388584588718
-1.6531978788183419, 5.4925021422486866
-1.7133236387959865, 5.2868343842411578
-1.240228223885582, 5.3853835913529524
-1.2951936569990978, 5.6148217719423785
-1.0931165091336312, 5.4303187917104951
-1.6463447234991431, 5.2632440576026882
-1.5902284902573622, 5.5413622018263249
-1.0761211461014228, 5.5740801554865316
-1.5086994382787766, 5.2664817512445596
-1.6855568992540835, 5.4484672036603188
-1.1197768256534191, 5.6043477331401386
-1.1447501373801801, 5.3682343686498841
-1.7111203309554266, 5.3450413835864099
-1.4006398693585014, 5.6074935036087981
-1.3355292787576205, 5.3874607072265528
-1.6879256197029118, 5.2620141664809568
-1.0835858708633752, 5.4943113273162085
-1.4527269735143038, 5.5987248982789994
-1.5467985618952749, 5.2451470141101924
-1.1009411083084204, 5.5988381729984136
-1.7077042472757096, 5.3751963761561017
-1.1223709464118288, 5.3665036387724259
-1.2753351665361821, 5.6149934491741194
-1.6729869068955547, 5.4691266847950191
-1.711593268353037, 5.2696160864140191
-1.0957452352889463, 5.4060279337009733
-1.5316750685731664, 5.5744730813078158
-1.1499141582187791, 5.609006450209546
-1.4747560647710019, 5.3292095584266734
-1.0745108774195715, 5.5496154911173159
-1.6694239122625045, 5.2632851085948724
-1.3733160885422266, 5.610568992524116
-1.202040032913432, 5.3794343655482431
-1.6956601635049491, 5.4251021961991492
-1.5222336914250236, 5.2452530822703674
-1.2190438199953861, 5.61384098148097
-1.6212100178023572, 5.5196438553848077
-1.1000692677383854, 5.3836364223160382
-1.7130162903325921, 5.3112688676852793
-1.0745658607791826, 5.5659484371197623
-1.4970250034236956, 5.5872808453371734
-1.5800147454600715, 5.2531965445697262
-1.089870551619329, 5.4565202016064491
-1.3882163923781776, 5.3781922539261808
-1.7045547687717029, 5.3929348053443933
-1.3237915843646293, 5.6139688779643331
-1.7026969440019524, 5.261606107487105
-1.0818632545076186, 5.5034680294542939
-1.160067519129379, 5.371054347498764
-1.6467966723701888, 5.498669647079546
-1.1314538706813424, 5.6065248547261755
-1.6093565666985394, 5.259218149764437
-1.5706384168161118, 5.5540174762173047
-1.0820763984897626, 5.5858712710457334
-1.2959100187324226, 5.3891371495888523
-1.7133713161401782, 5.2926784493635504
-1.106235521817952, 5.3728462087077924
-1.4273750856679912, 5.6035193116528967
-1.7120500485470369, 5.3319300776666454
-1.1826187395986112, 5.6118776266730785
-1.5008250927414524, 5.286972412376568
-1.6911174526733415, 5.4366850057915039
-1.0939906017690448, 5.4221036522778983
-1.2577030253960417, 5.61488153668724
-1.5597601740525089, 5.2481886207045934
-1.5463801286322816, 5.5675961834128858
-1.0769764040124856, 5.5302585520502001
-1.7105889011817534, 5.2669194174802003
-1.1325115521801352, 5.3666757133821621
-1.6044090447509969, 5.531676256713209
-1.1096672465563573, 5.6018166190241603
-1.6550875116988972, 5.2634962136025836
-1.3421577155198123, 5.6130097661508573
-1.708780094840608, 5.3674906349960532
-1.2566432148290845, 5.3871564830378249
-1.07759620469257, 5.5782776095976674
-1.4699335311757353, 5.5948017958403513
-1.5164364395493963, 5.2503447012244751
-1.0987127896535342, 5.3883164225607603
-1.6622269899507056, 5.4828052014165829
-1.1970397165468982, 5.6127777888710613
-1.7131445014331301, 5.281383844793166
-1.4434985348693148, 5.3552221443768362
-1.088662061508346, 5.4647161717389894
-1.6995063213046488, 5.4132468299867087
-1.3835193411530555, 5.6095289136110695
-1.0742252650881967, 5.5612517435189632
-1.6820249627852799, 5.262503383263458
-1.112812157542139, 5.36850384215471
-1.5058595180373915, 5.5844026329221039
-1.5945645780719484, 5.2564391425565846
-1.1572079393764925, 5.6097767814314077
-1.6366143543507075, 5.5075861142354556
-1.1901730448403514, 5.3771680780296913
-1.7127798585415757, 5.3175883080180428
-1.3052728263016904, 5.6146060166730765
-1.0885420834575343, 5.5920966166772432
-1.5404655664266851, 5.2439696964522122
-1.6821516768783507, 5.4547411190793875
-1.0921762144546692, 5.4386512737077668
-1.6965933468236567, 5.261416164561834
-1.3152360608280789, 5.3888178446421309
-1.2352187190420041, 5.6144044357807354
-1.5874616139963276, 5.5432102747359915
-1.0750663749899247, 5.5437848274315096
-1.7105033151626639, 5.3520365179597471
-1.0965811519443791, 5.3996818228396579
-1.4872649609385975, 5.3128141460737099
-1.4180033790010513, 5.6050298175596653
-1.6366095348996079, 5.2626328974133019
-1.1254610554035425, 5.6054858087260664
-1.1520970037398486, 5.3695163589296877
-1.5583429593412343, 5.5612460390187239
-1.7068722032716106, 5.2628587752889766
-1.0796926794326411, 5.5149532726554016
-1.7030799947897062, 5.3996341871233335
-1.2149285119788134, 5.3816974673859486
-1.529500724483549, 5.243304157096035
-1.2852097358363836, 5.6149489786359377
-1.6688417774259985, 5.474729202675964
-1.096399987229512, 5.5968304797602864
-1.4879788778597829, 5.5899970075339072
-1.1039502182290606, 5.3756092213940514
-1.7131919105832505, 5.3052730297245576
-1.4091544686165365, 5.3716055940888738
-1.0841196909203974, 5.491425210398611
-1.5667150559022385, 5.2499324120218001
-1.6313935103823478, 5.5118297102668778
-1.1693490252038659, 5.6108770014896239
-1.7122973021613912, 5.2727773272112453
-1.3630578924887133, 5.6114914902124555
-1.1272747903410136, 5.3664002598383336
-1.6885652936569737, 5.4423642325371597
-1.0751871428814697, 5.5701389167198174
-1.5118840837541272, 5.258517823070421
-1.4438999633379284, 5.6005186627612753
-1.6179734815673708, 5.2605527728336421
-1.1429052975289709, 5.6081678230627121
-1.5391651544066913, 5.5710937810015979
-1.1690058315733098, 5.3728675612721775
-1.7116252469773936, 5.3384059204089747
-1.2271983018776653, 5.614147748778298
-1.6761540940336157, 5.2629276318105065
-1.0868887265290696, 5.475744544692362
-1.5981672295487097, 5.5359820260064518
-1.0843057553810114, 5.5883982673405344
-1.7058311723060224, 5.3864184518568772
-1.0954914135458453, 5.4081729566144512
-1.5050429782436952, 5.276347984985013
-1.3145054477237126, 5.6143283259652259
