-0.010531203529908039,0.006284945786422881
0.006054904015071472,-0.0019440630662607033
0.0008936521149643967,0.021253439768991692
-0.00011178518023690601,-0.003680470808494578
0.023610554949269724,0.013422323234354447
-0.012201152684152306,0.019570172368807138
0.05825343335311088,0.008823889696109824
-0.019669184173496827,0.0828329044655032
-0.01499514736701713,-0.019841715466968318
0.19602715768628753,0.12123005201156437
-0.25841808069283023,-0.004224947205928826
0.899314303995105,0.18577367775927928
-0.05996938842780926,2.7172141457058365
-1.8969144023212836,-3.493301366547622
0.20962856487342404,1.5076702716823729
0.844964252006914,0.05041313447352958
-0.2180226157208609,-0.18990826929196492
-0.043054967332874415,0.09828799457464747
0.09315749842304549,0.03745506579195618
-0.030608354143156265,-0.03061091534709093
0.04716111148749503,0.0753138116503115
-0.01081467876891495,0.001632251563494535
0.017629445052283678,0.024764813904851506
0.005796643706257195,0.008898013039873306
0.013766235449459251,0.014114282164070882
0.011059386613769677,0.006091768815718042
