-2.1562577392007514,-3.1253812310976588
3.838718274573037,-1.1250638793804293
-2.655929529075162,-5.069625112029237
1.5184280419261986,-0.07772703360914461
3.9501170831067576,-2.2583758589813465
-0.7245494386996411,-1.459606477590326
-2.536450945743256,-4.340408665652031
2.937404332779077,-0.16392776982948554
2.159720552252852,-2.2501276136147523
-1.536215866590619,-2.3168485163297317
0.5065759716671571,-0.5360611190619586
-2.495669432700681,-4.845994395703377
3.9917477995638655,-1.8060464539265495
3.4551445022591185,-0.5322396874610085
-2.4087918569030693,-3.7515478219100595
2.2238763064458142,0.0021883617973426864
-1.21917765715289,-3.228707501155929
3.4597762651537773,-2.217382733510848
-2.652019922064294,-4.954709163711043
-0.1160882066794054,-0.9827555158830145
3.693897072131815,-0.8138392159733034
-2.028846699711656,-4.157376346588005
1.016300899774554,-0.24229525140682862
4.015208015869534,-2.1069083923459946
-1.1716633055845915,-1.9017897385781766
-2.594213914306665,-4.641754862825746
2.6038306082179234,-0.04581294740386896
-1.905454243145095,-2.765701541934682
2.810812205460061,-2.1721562547042756
-2.618989022830577,-5.036761677010468
3.9302958859371513,-1.471452287802471
0.1409659417435515,-1.9754597772445126
1.8663714562803078,-0.015373516857635773
-2.3170160223021146,-3.4599303840191142
3.7938055033713174,-2.275445524709561
-2.28839643978901,-4.523930034740532
3.2144010851652802,-0.330377983732354
-0.4223123983683075,-1.2100715113886196
-1.6400776011480849,-3.6833606034948927
0.7640127434908425,-0.36950178070754336
4.011359701020171,-1.967089473720297
-2.6321016669490995,-4.8416303520949615
3.5871304435793885,-0.6714011165626891
-0.6853511914521285,-2.6475259158384703
-2.478579977299784,-4.051003392343625
2.4316947020917397,-2.2162653220724198
2.4186869130556583,-0.012498638396744295
0.19298131678997363,-0.7609688516864341
-2.662326563006293,-5.043580632025313
3.8894485370920053,-1.29829982283205
-1.723165835262799,-2.539707190161555
3.99422210923517,-2.2072637988715633
1.2833577787691564,-0.14280753679313088
-2.397316089390235,-4.690363871748534
-0.9671449395849366,-1.6881691899106792
3.079114801998209,-0.24066368305513253
-2.2448326840836375,-3.2908212840676345
3.184477469290031,-2.180578280013549
-2.571060043077505,-4.965785419107786
3.7748845823850736,-0.961831065453878
1.038401528000506,-1.6149147653775813
-1.3603403982625444,-2.1125693795104645
2.035283536001806,-0.0005837640117295623
-2.508044727242081,-4.195316302634108
3.966669295841148,-1.6549630717016603
-1.8407334798525095,-3.9176461957350455
2.7761547862025613,-0.0966035632164042
3.6690680328941645,-2.2559446981784546
-2.034621650100653,-2.938794001116352
0.3487540635202452,-0.6485927111616543
-2.64295688822416,-5.064509747930554
2.019137080540929,-2.100982067141812
3.3462067263548354,-0.4339041334467116
-2.5685089813753956,-4.507350482952816
-0.5743665409648503,-1.3313663369135667
3.8924063598894727,-2.276989915100843
-0.979369525113938,-2.9637772604592505
1.677279978916034,-0.04420128803835834
-2.4420992653529328,-3.885952442510909
3.808586466874875,-1.041418650065418
-2.616482175775075,-4.758515502639453
0.8932961455620995,-0.29967279681236125
4.015821676074866,-2.0398665512864254
-0.33619570375486807,-2.3164987185371717
-2.363186830168985,-3.593412870133901
2.5146218560334983,-0.02720851353056013
-2.6592654805501885,-5.005014849711021
2.9977504930737204,-2.169893897570178
-0.25681635178409173,-1.0852416572596104
3.5260068004408605,-0.6035563918623364
-1.8134456086156567,-2.6500059277217436
-2.176049377061748,-4.360023810357307
3.949787868517778,-1.5658599435413563
1.1651454002681585,-0.18309027606063813
-1.436119892402036,-3.4614586620178214
4.007180123006213,-2.1678612025619928
-2.5386432148154365,-4.91463113781933
-0.8603875006320872,-1.584169166931004
2.860460217463982,-0.12926411238389043
2.2797150225822396,-2.2428712450831956
-2.660822982983984,-5.06194723989311
0.04878605730363135,-0.8644624613192751
3.649044930096426,-0.7490349555833382
-2.100581956309046,-3.0358450719394368
2.1285079799032447,0.002716590244962307
-1.2711568983764299,-2.011596936227356
3.5739971072339505,-2.238082942879517
-2.553397986266131,-4.42845424561446
3.909058190216547,-1.3774610258227702
0.6347413542807866,-0.4492188630016398
-2.446545192865137,-4.767775141552497
3.1502725641659586,-0.2857979351215444
-1.6239038172361275,-2.420646576985442
4.002646207966495,-1.8854844459236615
-1.9397123168698736,-4.041176337605003
1.4123594183905637,-0.10475371515384077
-2.643817397258461,-4.906245666872511
2.6151328167073267,-2.1887210956928196
0.5116177606846274,-1.7818270267100045
-2.2836210129988688,-3.376678373772277
3.973549411595332,-2.239113778095671
1.777638739446044,-0.027359092720652223
-2.4614531586735615,-3.97136204798155
3.737605142329617,-0.8874603476885216
-1.0681745988664104,-1.7914592868239307
-2.600444694940045,-5.0105041221908735
3.287394891018582,-0.3857051787537756
1.732460498657227,-1.7382745380939633
-1.1022405234213117,-3.1001523651174945
3.8464675392950523,-2.279131068193697
-2.3408991770376546,-4.603263410313058
2.3276932526861747,-0.003237821309625572
-0.34252627966703236,-1.1491345678109213
3.8658467199575273,-1.2122590217288283
-1.9717394917317217,-2.8524248785059583
-2.6331607995794815,-5.054559997761853
2.694598842705378,-0.0700056271257049
3.3285284624731353,-2.197032727809692
-2.3869632289921934,-3.6722601643326294
0.4274218777515254,-0.5920774900607471
3.9802817417587804,-1.733310555898257
-2.605245204259285,-4.699493941495644
-1.4471918697647386,-2.2127224800854255
1.089561833603766,-0.2118739384455568
3.404941740505184,-0.4853887620783159
-2.1119584268220324,-4.2701192838788575
2.0879324313899925,-2.2169773974701004
-0.6528945697219287,-1.397255708159608
3.924264416798808,-2.270035761349928
-2.522120621412207,-4.266687155765334
3.0073637743330908,-0.199666727908595
-1.5397564336152447,-3.5728351434907677
-2.6614199605035,-5.025921668446234
1.9493379683877672,-0.006747915990074045
-0.5155875229924238,-2.479190679681568
4.016259890174262,-2.0739035858259527
-0.027934896311268567,-0.9194140104014995
-2.202758194034936,-3.207859436787567
3.823920734385957,-1.0823652581688652
-2.5818123158367356,-4.576902664499866
1.592494066545765,-0.06106029935114349
3.730080075046129,-2.2665761509956504
-2.6509283079776584,-5.069576792333514
0.7006169587393527,-0.4074288427799362
3.618531710640101,-0.7093895297243126
-1.6753903260604095,-2.482170288052506
2.713979379712451,-2.1785579624957956
-1.7476299659302854,-3.806431394001789
3.940421204192984,-1.519461318198747
-2.625474023005098,-4.806119358449929
-0.8008997602278595,-1.528562055296243
2.648539853417266,-0.057041284074778105
-0.1016068895278945,-2.1311415332051404
-2.4926846693393565,-4.119077411271334
4.00747210038075,-1.927096808871583
1.345779824101261,-0.12366185221801007
-2.3407704531448896,-3.5256248081980215
3.491484959917589,-0.5679773166835244
-2.655597509222002,-4.977890283286753
0.2646354662340393,-0.7093105585158931
3.0978020023517048,-2.1740572006258465
-0.8446475264866833,-2.8159328356059357
2.277091599290485,6.453104633779086e-05
-2.2382378693250566,-4.449758241654369
4.011670760079959,-2.143149923254522
-1.2215046617832654,-1.9563822907197757
3.1152055401697782,-0.2629912334831716
-2.5184717872364657,-4.882447535486239
1.934895355251927,-1.9444665589070669
-1.8614333080475565,-2.7098130122547412
3.878302372326004,-1.2564386583953846
0.836241841940366,-0.32923783158501296
-2.4260485168757717,-3.8191476505688176
3.5193316424436003,-2.2279318126237486
-0.4957737798068851,-1.2677292599227004
-2.58612320461549,-4.989020551756693
3.717348187775871,-0.8517953562635255
-1.3304598106119865,-3.3487414066521035
2.8197381295254393,-0.11281208611905212
3.984599949517607,-2.224773504987077
