-4.381216555195508,-6.573978599064703
-9.523275759101079,-6.0816068649666954
-7.223323294205083,-7.859952936730148
-5.441939295076735,-5.985821934316328
-8.908098704435249,-7.187246221119759
-5.573402034801743,-7.509331696417362
-8.842255162130167,-6.027419054218418
-4.786038210320965,-6.968785391300376
-8.177016994821189,-7.6530594409222905
-9.366673674436948,-6.502559020338107
-4.647717430729546,-6.354480631971382
-6.381028690176216,-7.819767958177477
-9.332223473808925,-6.024078557731515
-5.9195379786850015,-6.466312927151873
-4.36902376269423,-6.448550123206021
-8.575282554615908,-7.447772636096248
-7.667436708538723,-7.807619895173783
-5.152646056959004,-7.269262842461248
-9.199611119042112,-6.805828022362009
-5.1675867526141115,-6.111886589717355
-9.492007370011839,-6.228304184647484
-6.020909592428506,-7.714503686446861
-4.528871985919939,-6.740034962305052
-8.722695323513873,-6.259545771106294
-6.825609688890865,-7.865102635025031
-9.476026016689465,-6.021245674301188
-4.926814636835118,-6.253977842297748
-7.6974945294577335,-7.013957396844515
-9.056987410713365,-7.01728179471653
-4.451050259758679,-6.405929258043647
-6.559975422048281,-6.897387695321702
-7.9372871936815645,-7.740680340783334
-5.553360536082529,-6.097894895930027
-9.084834106085198,-6.044392398929849
-4.976114556736297,-7.130675488802753
-8.742713749274477,-7.331691702436882
-5.794525320579347,-7.616404719193564
-9.440434526699855,-6.351007713346509
-4.351173425110875,-6.505050871412331
-6.6117466961942775,-7.851827323328781
-5.3271380031413935,-6.00863122280077
-9.509686934293262,-6.043085074080148
-8.375835668741269,-7.5606226261944345
-4.640251529701224,-6.8422929324495305
-9.282970802432642,-6.660754508785138
-5.354737356393507,-7.394103261862226
-7.437099495753934,-7.841971784313108
-8.931455076859987,-6.0267850680055846
-4.437881164762159,-6.646506231659437
-8.317999781458191,-6.7447242093554856
-5.697166412984472,-6.279909963302002
-6.203006580927353,-7.777137894529421
-9.516306439464241,-6.149924751609704
-4.539524501748056,-6.38169125585723
-7.0363289387123364,-7.8668021608969285
-9.126551216443623,-6.920430109541853
-5.053899381374144,-6.18524586085993
-9.226590827768275,-6.038041189552524
-7.8106465796657885,-7.7761592204936525
-4.883030438726445,-7.0515500441084535
-6.1955084712915,-6.7053221973729284
-8.778612844580865,-6.091944304244728
-4.353175011179127,-6.474121253657746
-8.826254817485495,-7.2633566362933095
-5.463967236353038,-7.453161225185545
-9.420851659481556,-6.0154818727416535
-5.38928764476066,-5.984528244521904
-8.277510324213882,-7.608599624105547
-7.079841123368611,-7.057608085065288
-4.770855250994941,-6.317512305725987
-9.404955844283649,-6.42583621175398
-6.495847772526906,-7.838486253391419
-4.479549534169789,-6.6911809734676
-8.988223000348826,-7.101577402986368
-5.903569216636235,-7.66567125517742
-9.522749754429679,-6.113070588818822
-4.4025423725369945,-6.425221158536393
-7.546079125995344,-7.827934936402509
-5.071215227322393,-7.2087293450201715
-8.620776875172393,-6.496536131728569
-5.49591924646315,-6.021986077800367
-9.322454160572043,-6.587609371632025
-8.486104216386112,-7.501070151058562
-4.705035374519822,-6.8990791994030225
-6.931371578647594,-7.8672352111964505
-9.00365538890998,-6.0375187016272545
-5.247811876516211,-6.0572381840376845
-9.471160641944183,-6.2811194504696335
-4.361869500933026,-6.539284140090043
-8.052001598092298,-7.702047809266601
-5.682247402421672,-7.563061766615655
-9.382783545604033,-6.017941717184398
-5.249433183459537,-7.332571989060761
-8.665382423488067,-7.388286005151731
-4.845911801149628,-6.289627572473978
-7.320683082971713,-7.853202218301099
-9.238408114645512,-6.740017719117131
-6.0369122716642245,-6.5671000436560085
-4.405996781939664,-6.608422979688537
-8.808108559891837,-6.0486087972271205
-6.2855717625899805,-7.799163620697103
-9.495910658064847,-6.030340000253628
-4.583444339332884,-6.791131840844894
-8.014895741161382,-6.9164681642743036
-5.610276446053571,-6.179437261508365
-6.718496350764741,-7.86008443476807
-9.09248411143776,-6.969369907988651
-4.492095142462331,-6.393872138695633
-9.506106571270339,-6.18704947351753
-7.380065186523866,-7.059109629829582
-6.101408000103129,-7.744462818572106
-5.113415019560404,-6.147961974624196
-9.162765457092627,-6.043470539236053
-8.113489327449292,-7.6788351262972006
-4.835592203947501,-7.0111035938633846
-8.946569825599704,-7.1476507667155715
-4.382874990800519,-6.436899341517043
-9.51885920644976,-6.060334587382679
-7.130339014903429,-7.864335659842207
-5.360126681699123,-5.993412188464871
-5.301797159433553,-7.363897079747617
-8.751665694665098,-6.161995601501811
-7.7410347048554256,-7.792542871945178
-4.596786705859901,-6.3675570558757855
-9.345703505213388,-6.543318051924381
-6.758567098204127,-6.971726145877368
-5.023602753274615,-7.170337939125264
-8.620719469237615,-7.418555512354104
-9.285291194583595,-6.03061505855984
-4.350375603828955,-6.489832172497893
-5.802871544526286,-6.373625967606414
-9.166189885152402,-6.859843160732724
-5.7400283908244285,-7.590794332509256
-8.882872717131963,-6.0221243602910315
-5.468816641902315,-5.998749879618072
-8.42768658656513,-7.53342405998032
-4.503594564385491,-6.715405813457524
-9.45205293926989,-6.016583324312659
-6.551866095226963,-7.845559944380984
-4.987769300341338,-6.222965431663968
-7.878577494713302,-7.758059147127464
-9.455561820864588,-6.317412896029116
-5.517203581681033,-7.480790213550469
-4.370192415421507,-6.555730043564808
-8.863888073784134,-7.2296243329573295
-7.380562963989762,-7.847878816882379
-4.7412220763107,-6.930341341210144
-8.477989006361117,-6.639638074347799
-5.963899413180487,-7.69143860869159
-9.520319149768849,-6.130305039459621
-5.2853734864981226,-6.0328407866057505
-6.372225093845416,-6.813514121591693
-9.261791724262128,-6.698883649334884
-4.706430812659494,-6.338012737172729
-8.231207763447742,-7.629647044673114
-6.8771468555030095,-7.866474738852337
-9.421466651606739,-6.391574019360608
-4.424616533660738,-6.415369415468286
-5.195434446359457,-7.298273079307522
-8.96700549246494,-6.032235190419608
-8.781481717600354,-7.301014206620786
-5.524051199260188,-6.0559877071354675
-6.332545131598723,-7.809924463750413
-9.486847592436977,-6.025326571189295
-4.421179791286233,-6.6271503822604245
-7.604008383052283,-7.8189018846412965
-4.929005459438399,-7.09071715985077
-9.024472820685439,-7.058490637812623
-8.691927898728672,-6.354146986149848
-4.359230342326485,-6.4609669341407905
-7.54162014036163,-7.040015328225307
-5.208100877936915,-6.084200682625743
-9.359000082332225,-6.020586719386211
-6.150268012469862,-7.760933527560508
-4.61105539378551,-6.816201446866803
-9.483126785668013,-6.2516100583271195
-7.995518410640175,-7.721838925814452
-5.40995761689372,-7.4244195101775645
-8.173703306837837,-6.8328196780191695
-5.416911714373265,-5.981818015423423
-9.384650839353634,-6.466942024141326
-7.082309419352256,-7.865840113433774
-4.355022960219951,-6.521534743140047
-8.824040721642563,-6.03591720388283
-6.104754906381851,-6.629338606794748
-8.529242977681129,-7.47591557438886
-4.8084626600813305,-6.304124548978582
-9.523820978959177,-6.094299840102276
-5.848575529162219,-7.641197363691343
-6.669511848652537,-7.856729837155957
-9.147569777444119,-6.888785676414911
-4.555150961247119,-6.764939911420376
-9.124603776364435,-6.0448092740602135
-5.1092522897420585,-7.237894068139496
-8.329072940100911,-7.584008929724799
-4.515811285677087,-6.387650579737008
-5.6511804023352665,-6.230451005556767
-9.302900508470938,-6.624160771431039
-7.492286855447116,-7.835321459820841
-9.43702748935121,-6.015555922194427
