-0.30802970744819347,2.0954334171084645
5.414970208038836,8.595460529105962
4.315207774849038,3.8986167871736535
1.9083590291957844,2.304012596393963
4.143682760799913,8.348283669781818
5.542486338945407,6.153471734291673
0.042270688292907525,2.7102494004157163
5.71311429924098,7.521206293360414
3.1373391239494004,2.9159395292916073
0.524102376103847,2.052516872964997
4.778868191319566,8.639997240591358
5.07149012651132,4.940037544031627
-0.309156363825298,2.386800876508539
3.856096495305467,6.285305515818255
2.2549131996353577,3.8118492433469267
5.584668957414684,8.19978097154129
1.2103863025451644,2.169585024137227
4.109603379154861,7.743008051112636
3.7785049576480936,3.3646110758487415
-0.05322594457997909,1.9977996891627945
5.69951840116269,6.878493789574275
5.14245828234735,8.679863114745956
2.464396146865517,2.5444292533342456
5.329931220531179,5.472691688205246
-0.18815080013044239,2.5676628145987683
4.379876894946036,8.530452624702145
3.172936653349848,4.927326715683663
0.8386028516597119,2.8969037488509666
4.726770636190666,4.401226044250386
5.652560498092212,7.889580643444262
-0.34814004194603687,2.203182547622508
5.505768731603701,8.464014546343238
1.5693696160507757,2.218710998882813
4.076207673436935,7.081906790479675
0.19857345948820845,2.0056279305212903
5.632811156813811,6.52008192118543
3.4779337456518213,3.1280476689734016
4.567425921405876,8.5912355194624
1.5542771848587973,3.2456204341471095
-0.2102643398652558,2.028445979879523
4.10032072957615,8.144878886546584
4.90453957262326,4.664006807151562
2.779178534991432,2.710969010817239
5.290974313906071,8.660673434614507
0.3285055730983965,2.7729755105570093
5.726750420606003,7.207879125758995
4.07577792967133,3.6478261460886516
0.8227277624110929,2.106442242123401
5.440574376831581,5.789378168492488
4.966879622462459,8.669753747005473
-0.34063780318677367,2.2921328636863443
3.533456015401886,5.5807051376198595
2.17352724453807,2.4072085850738723
4.234113113065081,8.452811142739634
2.7459205626686756,4.340550662204404
0.06216172553503751,1.9962292736341578
5.686027750179444,7.713858796034771
5.212875261104599,5.208050682599046
-0.09729013807880738,2.643762043900938
5.545988349879646,8.350756402018954
4.5162267961053475,4.12843661228437
1.0165720611797024,2.140182004941306
4.108772278594462,7.450304141275539
-0.3345510471818747,2.141050847786443
5.671118807134519,6.705396351906085
3.309220850019743,3.019672696505954
5.3569177683865234,8.635099404630225
1.201868861359006,3.0457900177413455
4.113504301864011,8.260753590264054
-0.2596828796257562,2.477528335763145
5.492069301316345,5.966365236090012
3.9271107235843714,3.5019863017564723
4.674613392421478,8.617912260095748
0.3633540356054631,2.02648268568135
1.747543749749612,2.256238317564334
5.618716176751459,8.048180360322386
3.695214485542727,5.922202165904577
-0.1483471344325724,2.010462359426638
5.725530802749377,7.3507225037762645
2.625059758882233,2.627547843632883
4.628252531045681,4.26842706091423
5.057911763055222,8.677906256283947
0.5354985564833789,2.813438494122382
3.996717720884466,6.696366225040352
1.9552154731040277,3.542644362794546
4.303678750387624,8.495892899855875
-0.26871687304094116,2.058958513939605
5.145198123360336,5.074596632724208
5.466772774168236,8.535785544691118
1.393186679306652,2.1934142641494416
3.6319279151987183,3.2408212753874177
5.717740422678036,7.039653421638602
0.14668282585000983,2.7384683269026557
4.101653450534884,7.967079337490051
2.969408453086366,4.628100693639151
-0.32812759642136946,2.337662935619855
5.588011108008773,6.331422089910247
2.952788202087711,2.808538183778808
5.220610428078561,8.674529942778996
0.6592957829329205,2.07661568289948
5.382581626899061,5.612980383816406
4.4735481874731375,8.563742601176052
2.0507425924518685,2.356197314818466
4.2094216737038845,3.785271629852566
-0.34804388668703834,2.2414625031388073
5.566034253191931,8.276817332634153
3.372083839479387,5.266313352916485
0.12871693883926943,1.999648691355339
5.700773952824924,7.619988326679381
4.8275417872721675,4.546667323369662
-0.14594405800765034,2.607287804917362
4.873116017204539,8.656716691037541
2.3216293904655756,2.474607188033525
4.179895381314921,8.402443873277635
2.4898007514416625,4.049998650673734
5.275377311664012,5.3427583555132045
-0.10379455417402361,2.00281781587843
5.635635619824891,7.970075408096636
0.921962656319501,2.1241129597681354
4.09803759340031,7.273522886857303
4.416441939840435,4.011581897133605
-0.23101268734557767,2.517839548147771
5.442178234635545,8.567962212062541
1.746100306236421,3.3784302121644543
5.653305588084393,6.615024254821682
0.2908414624896271,2.0163525521113534
4.099308555750161,8.060779987846173
3.3948296037509658,3.073412464054096
4.99139258562775,4.8034112823128865
-0.32281938805430244,2.116882844657694
5.723801867771926,7.1274488884696545
1.6576126222156349,2.2353369830626817
4.725607634367863,8.629170300773751
1.0056384616750809,2.9584138687919097
5.525550596458959,8.414142949570893
3.9286357261115565,6.476712914956431
-0.027467889332747582,2.6827325445800176
3.8543351940960333,3.4335142357315167
5.51760946815607,6.059812476518686
-0.2421209530699525,2.0427771493555733
5.181856151322575,8.678226712043983
2.8668566786120464,2.7598041217491502
4.267011915692974,8.475139547202444
1.3005576237459593,2.181596992781258
5.720944273541645,7.433861284940064
3.277038748073897,5.098039707940549
-0.2885651629497436,2.4289399770399775
5.41186964305072,5.698945861611742
4.111490350972487,7.621291903318304
0.45236443831290496,2.04041403883627
4.141463740091247,3.714624043295147
5.3259812725858104,8.649043890874621
2.249174472542128,2.4409186811239176
5.66980848618609,7.803046872492911
-0.3438748347295936,2.1722380472662914
4.776550980415112,4.471911467685436
0.6646101059835783,2.8448185167431026
4.429458977863845,8.548996889356507
2.6166899527717966,4.189459280168251
5.609934652215093,6.421361936371362
0.0014935903121332562,1.9956339957516918
5.011279775376747,8.674377768501984
3.0558298260700414,2.8680478191992957
3.769183092549399,6.083701065179179
0.23155621633364276,2.755547810827036
5.600539628084789,8.13024032112584
1.8346514007834902,2.2805111754181913
4.125509980335551,8.304992641118265
5.109077229066828,5.007442640275416
0.7345245903597463,2.0903631227368704
5.708836175983164,6.951375667287803
3.698070379975591,3.2948970190359
-0.28968798822223657,2.0758526622187983
5.487169974346077,8.502033603892857
2.104933796008743,3.672284773524119
4.105568066027777,7.8641651991937325
4.570789064891543,4.195281915998096
-0.34512525112267106,2.267799120160299
4.616598052890185,8.604011263736885
2.543695286320931,2.5849136445374397
5.4669045121505,5.877687959963223
1.1124208630781216,2.1553724528294413
5.387022072796625,8.617183540823818
-0.06381879867332593,2.6641562151872953
4.042158894309859,6.886707732279667
4.003315699576198,3.5757990878112786
5.727155661229252,7.283010921541151
-0.17855638287135628,2.017935871048391
1.3794240230879549,3.1394301070261235
4.915646093029163,8.663126669421393
5.244878024940471,5.2754138565011
3.603802883972995,5.727204663300884
0.24424817291920636,2.01058885909995
4.202285045634906,8.42605352675906
3.226737931541934,2.9693619392593598
1.4842726108254565,2.2055828914660682
5.6861037921621715,6.790475779938273
-0.2746492176277005,2.453559609803694
5.556208106161466,8.314418493989983
4.947833939971223,4.7324852004735
