2.093273450019556,-2.2021593869574145
2.157596073695542,-6.824022389248494
3.974866082717152,-2.643107849208061
1.4581642697294928,-5.270308620610294
3.248418404373782,-5.819118157309971
3.0794369575968297,-2.3210571888205194
1.6039405571836227,-6.246609607314782
3.6487288959628232,-3.834707335472241
1.8794042480135682,-3.6396403884797413
3.759984510436364,-2.3707748834647653
1.9078711992001156,-6.654249999179469
3.249936207580351,-4.874906736845768
2.3939606035559784,-2.1667643915264705
1.5651395164369648,-4.614962947736216
2.7045733336772977,-6.12225688401249
3.9247846443076093,-3.1104029920187246
2.0743021093036456,-2.782488058075977
1.484316545356989,-5.87862683844361
2.2766396298533618,-6.696676247479374
3.498276086684592,-2.351561178218339
3.093555528418131,-5.951570686825564
2.201935902264532,-2.1549424289764354
1.7319569255611962,-4.1676114418878365
3.816355246383787,-3.4387276305214427
1.7615392153529001,-6.47706806187489
3.9125845984174346,-2.4728201827385665
1.4569891220441316,-5.579845767302702
2.686828774218208,-2.228143107898777
2.0572088532360455,-6.7871951301965145
3.4180319596124464,-4.37239268347752
1.9940775741596717,-3.1733717550395166
3.178187211482581,-5.5874546590364425
3.9760518955016657,-2.84189895141309
1.490057019288198,-4.947170350724312
2.096459564732643,-2.3666754648328716
2.3600258331580113,-6.478604440977566
1.5307895945899568,-6.087787747853723
3.3050696974205396,-2.3488772513334646
2.2192302555464773,-6.797235625384138
3.8501858880523128,-2.4115973705820943
3.1526909782862815,-5.199022159528811
2.1008813639600574,-2.5476788370019863
3.5386658104846256,-4.079538867044269
2.927092726031818,-6.020788918329076
2.5295586916734436,-2.191555038975299
1.6853360689755117,-6.371549491159279
1.8083973006916545,-3.91066570878193
3.9572228097961792,-2.969575436130925
1.9856065612733338,-6.731339855026278
2.1323119528350487,-2.169300366049102
1.4698991773673216,-5.108640679122784
3.953777007407478,-2.553572761883128
3.2055633779841317,-5.884420641991633
1.6359924748133954,-4.418917563499466
2.881775407828545,-2.27731475178146
1.4677326377756623,-5.741240025065067
3.745844890181752,-3.6131547390376864
2.1128194951849752,-6.815741436054936
3.6453001936112654,-2.3533145794953496
1.943915289017241,-3.3822564646984845
2.4886467141841186,-6.2842225173107735
2.285829582767199,-2.1550248264785874
3.329235400703198,-4.6318038464887366
1.8341576949001095,-6.569508160372079
3.8790751331777225,-3.263307698480006
3.24055483610087,-5.733617505094993
2.0847530428799854,-2.2625281545458735
1.454118601836912,-5.43202952491193
3.981237886991407,-2.731099260829013
2.2485373359179026,-6.757624197191856
2.038293771962142,-2.9741125723841217
1.5067523914957792,-5.99925898684439
3.1957245054763566,-2.3390808764283904
1.523676687280099,-4.769769373206509
3.808473443688024,-2.3881807140445854
2.313021501307612,-6.596089336414586
3.477849794126125,-4.220966321746037
3.0180357092558863,-5.984134515376737
2.605744613290292,-2.208550727638188
1.5670995645869379,-6.178738762404842
1.845010684798451,-3.7730712407615594
3.935815950493252,-2.511167697062399
1.9480085379716447,-6.695846310292358
2.1631965113462663,-2.1601303434380243
3.1332605859715805,-5.393832820424232
3.700768494930574,-3.7177162688059866
1.682170927334305,-4.304208773919109
2.188221320892321,-6.8180342151334665
3.5743077015225,-2.3511702193593975
2.091704226182578,-2.6580892213002674
1.6473284606505256,-6.31540500709856
3.9423310445612474,-3.039968742088188
3.1640951483676765,-5.91455280519547
2.7899513014409356,-2.254195585708707
1.4551932298584311,-5.351618378134932
3.2051584407306404,-5.011058138720816
2.0854009790238814,-2.228194003095321
2.0254500881562794,-6.76459119799373
3.9803308957857753,-2.7833095100003242
1.5051914253768688,-4.858564979939549
2.5959547007997674,-6.190263868718858
1.9693975599262938,-3.277545168602177
3.8488998172289017,-3.351047769315107
1.4751919822631943,-5.8111468324204685
2.3401007070153983,-2.159738945721625
3.7068123658876613,-2.3596159020770067
1.7978273745266904,-6.5242873422082255
3.251034943659365,-5.780860002398268
3.592608019528343,-3.9590353403829286
2.9818413541419395,-2.3009921095070114
2.1353827872773556,-6.821977409290175
1.7719283710827216,-4.039873017486684
2.1018674036892704,-2.4456843422388075
2.819319747445954,-6.066071699979276
3.8851959124115596,-2.440615849591369
1.460904964159662,-5.654381085787773
3.3678953048468667,-4.514050859732181
3.4021611173731503,-2.3519408626738
1.722496764879751,-6.424083705084836
1.5944206471554663,-4.527388679058958
2.4578881708946514,-2.1773899431073915
2.2932966380894784,-6.651796474118342
3.9673901881718785,-2.6016765658618097
1.9123676242492245,-3.5092570067511963
3.2326337808317143,-5.854215134331033
2.1091357183305206,-2.182839579233627
1.5467567188048161,-6.132356917511202
3.903285600582798,-3.186317940208159
1.4637501270305138,-5.179820159526409
2.0847574960069086,-6.803356833381257
2.0567962307330205,-2.881355682834088
3.28887529969322,-4.756704174846321
3.9686923364645805,-2.901685348064518
2.410682768951202,-6.385042539821648
2.2427926153833275,-2.153584540178496
1.8728380009571455,-6.6152217392907176
3.7804433172429364,-3.5296637219441163
3.2120406500101457,-5.664214266239699
3.1381539045674574,-2.3310729976078286
1.4794670137916037,-5.022996112929652
3.8302786029122724,-2.399210875939623
1.4954219071039538,-5.944481901166878
2.0169434410407936,-3.0730743448086755
2.233725386390788,-6.780505818183848
2.089744757992848,-2.3099779387344874
3.9793024895103746,-2.684946504080437
1.543604224723635,-4.6894885498514665
3.128727866948099,-5.934415464223945
2.7369123477964954,-2.240715973102361
3.507979674796628,-4.1498086834517895
1.6253326505070524,-6.281395259998745
3.611265061550114,-2.3518014009341983
2.20252649496435,-6.8106533637699505
1.4547836377336512,-5.5071229386512375
3.1766525411336946,-5.104694501211857
1.8622113557442221,-3.7067240343019305
2.493259588184964,-2.184122629880972
2.873040557727711,-6.0429445740965555
3.925012706581757,-2.4916610356365907
1.928315703558695,-6.675880573224106
3.6758220173575906,-3.7741582260432422
2.0973664088855415,-2.6006890493835924
1.7072900183913966,-4.238060097793193
2.3346901627644425,-6.53808795642628
3.448911009402423,-2.3520022660284106
1.5175822947477111,-6.043040059235232
2.1469494042647774,-2.164152355782053
3.1485515902592387,-5.4981147837306334
3.8646731700644668,-3.306118873439809
2.006453540528598,-6.749353138160641
2.9313849368832305,-2.2893452576783497
3.3926905298737275,-4.442146993547734
1.4639474709167042,-5.697136579130773
3.9635531608772867,-2.934370778837669
1.928374562344709,-3.445120952798674
2.5417073162865433,-6.233214459764271
3.7352780208633085,-2.3647580579254956
1.742163367075395,-6.451052210753531
2.311728354510551,-2.1569311879610913
1.6138998328520717,-4.474991252124295
3.242159308982393,-5.837216455726454
3.961306550067392,-2.5775042191168973
2.2622901739671595,-6.730609910127651
2.0866807377154113,-2.2843417886529824
1.4605999512307253,-5.225906967354935
3.619038413668418,-3.900542668155645
2.171815702831355,-6.822699131748289
2.0827500974849236,-2.727447874176619
3.2558855347193805,-2.34535997503759
2.979298904460014,-5.999825569629002
1.7908453057399478,-3.9740908410032225
1.5840290914847939,-6.211696838679778
3.914962188872689,-3.146194196927056
2.642642356199644,-2.2173153043429568
3.2292909475205236,-4.937093657708136
1.8529471861418305,-6.592041030199169
3.870424272287592,-2.427046790679657
1.4973484707063776,-4.90220016408609
2.100079277748753,-2.1918848572127265
3.228947615789668,-5.702750689374651
