23.407928803419068, 11.92603722040117
18.48212761823563, 12.041944307250775
21.404215501436013, 13.546335703029797
19.675230692615152, 11.321512546045097
23.055472396263937, 13.094476209538133
19.615841472843734, 12.916491637635891
22.257325074827797, 11.89373668377071
18.85556154206904, 12.380175957106657
23.380369817862508, 12.511815160160785
20.556279613390071, 13.33113090321601
22.377552320175589, 13.456218959932038
19.08023048470843, 11.738089763216857
23.115887919377627, 11.926455591546066
20.166923545112155, 11.771300082271537
18.62622272624148, 11.938500904909194
22.758734570439543, 13.306775514590607
23.425624341510385, 12.183555942676129
20.067744754035488, 13.129216423044431
19.465866538111179, 11.488341155780891
21.868289712333372, 13.543522421475108
18.598853728403114, 12.176110131738035
23.271103333231689, 12.807816408192178
20.980736007622326, 13.47091779939961
22.646576995051777, 11.965412450505276
19.196328570727246, 12.642250323145301
23.34612300965594, 11.874467292493671
19.824065425828891, 11.47379872251955
20.948460397224459, 12.342976140722
18.51732941366361, 11.992175813499403
23.174479726333512, 12.960866524561801
22.125531092566042, 13.511393606525688
18.851854967511549, 11.845607044583272
23.425852119390523, 12.046728585727173
19.408529491922462, 12.791127417547985
21.194581940726263, 13.519158173510672
22.406474724571829, 11.927720696983981
19.596614217613158, 11.370954603564211
22.904015829262367, 13.217814688668312
18.714384330017388, 12.268713518412767
23.409596826038655, 12.357516997812526
20.300850259471165, 13.22938660903543
20.450032304410524, 11.997660511510713
18.510020664741734, 12.095106131510434
22.567614653621774, 13.394079211035455
23.260281266196241, 11.888974374057804
19.276223602469081, 11.625297285147012
21.644647445713446, 13.554230230849264
23.334991750645909, 12.66271886170424
19.028530914991702, 12.515366830970175
19.837721648428477, 13.025823148283749
22.891525565154495, 11.962938493713192
19.731005431074138, 11.368692345773034
20.773901524266233, 13.408536219739766
18.721697467621773, 11.89957847535754
23.387057453094382, 11.89013707397454
22.253888426316685, 13.486621286621853
22.23335300262513, 12.003828435771299
18.490355161616378, 12.016879778910766
23.225402165687573, 12.887185255680233
19.987279167109488, 11.627050791711472
19.30364557348982, 12.719581551268988
23.419807987427113, 12.26937162340729
21.526485684015235, 13.553133059241759
18.968595223267997, 11.793231580561802
22.980330176854352, 13.16054488631824
21.341569074482123, 12.518317169669569
18.549787415627421, 12.134249412175796
23.420558521449458, 11.98463715152068
20.423724332859223, 13.279569112606675
19.538042321957398, 11.425876801349931
22.663031699421005, 13.354122284792501
19.723526325445995, 12.971942538584573
23.360280088429182, 12.586389337036632
18.934975462396196, 12.442572782633686
21.988433151608305, 13.531232876238517
23.008766471332791, 11.947868765951137
18.565263124425286, 11.965522695719626
20.632523777642387, 12.161674106792006
22.516518205832877, 11.950125781511611
19.644845471754852, 11.329809686382031
21.085819680596792, 13.497021307795238
23.427296587856169, 12.113585050989682
18.658338532016984, 12.224201657930285
23.117274484228759, 13.030539482323116
19.186675287380666, 11.679733721107899
20.17230334733096, 13.174841051805359
22.473867647458356, 13.427336916049814
23.310256825113463, 11.87757305400819
18.48919177996715, 12.066266196589718
19.50815920709665, 12.854382262284572
23.305430076348387, 12.736324530913054
21.754437502939876, 13.550968497283455
19.899821406932066, 11.548994976444208
22.231411982534279, 11.912035508895269
19.108348930106366, 12.576458226172306
23.397784344244162, 12.43000262110403
20.678081604648543, 13.375706934912087
19.375277985507292, 11.558033351481724
22.833730996568338, 13.263730276088902
18.780509263555913, 11.875595751891497
23.196965228183934, 11.906017269831283
21.300827609224712, 13.535504714874714
20.298344192177744, 11.872602293103752
18.78171654269503, 12.321928074777711
23.415136862047788, 11.952475662159539
19.949915207251721, 13.076749740265786
21.954470718753669, 12.557750508928383
18.538391571617574, 11.979325828063457
23.019721453235018, 13.127290378396866
19.700419435531117, 11.336094158904581
22.768968102611755, 11.969137612092528
22.189414666172851, 13.49986366767244
20.877668131209354, 13.441449979305917
18.527954270026488, 12.113864107160214
23.415498823007209, 12.311288261191834
19.251264035795639, 12.682291474215047
23.248853947163063, 12.848337260318186
20.07430851870933, 11.698744683418099
23.370984835713116, 11.879501196376257
18.91363450456376, 11.818479212884659
21.929078393987574, 13.5378793213814
22.319736952690544, 11.905142571618201
18.668157793968433, 11.921239382492857
22.710098587413622, 13.331822167745081
19.77019281906653, 11.414425193303289
20.486899951236818, 13.304505428068538
23.42700144055344, 12.080176593678909
19.562373784290585, 12.886517128958817
18.484026771379192, 12.029209676358809
23.348180954728797, 12.624832019991372
21.465501223993403, 13.550512556629229
19.421540172674735, 11.523548032636103
21.122329094039124, 12.424725332895294
23.146264196066607, 12.996700775789114
18.978649234559718, 12.476680861686493
23.39867932913657, 11.905307264313681
22.323577102720513, 13.470345946375705
18.628324391402977, 12.200121818683444
20.008634013088773, 13.103019328593764
22.247694358159471, 12.165058049658674
19.622651896444381, 11.347026415130991
23.390014421298453, 12.469175205106414
19.132224058138778, 11.710366088137498
21.13988700312661, 13.508685577249981
23.062713392506684, 11.937969095188945
22.523930152428459, 13.410259925024597
18.817409752588151, 12.350098098475467
20.53074564208648, 12.072256486962869
23.423580748687595, 12.221014204628894
18.501655476001712, 12.004358889800562
22.939289301582413, 13.192408992271043
19.778718357736956, 12.998396936032133
21.699846554734457, 13.553082633934093
19.566505704833688, 11.399484646026439
22.582374116412787, 11.959365183226014
19.35963654748814, 12.758339316524742
23.423600611413843, 12.012961517717255
20.622011889764444, 13.355552666149014
18.59525022738622, 11.95177420317167
23.289856746959032, 12.770302617753496
22.059018948563086, 13.521823456009447
19.022587025813969, 11.767257564991164
23.286764340312182, 11.882406971654595
20.232899786853078, 11.822016530663978
20.238581228264557, 13.203200982368287
18.49728540893253, 12.079247036612093
23.087647700866043, 13.062451405987062
22.284198865696865, 11.896635621743942
19.662181786567331, 11.321875921287079
20.929769794698753, 13.456784531671666
22.79850961612604, 13.284652635708969
19.070476865578009, 12.547613606038095
23.404258273792859, 12.392745411403704
18.74269686702722, 12.29110572675452
22.832937597559599, 11.967126198350767
19.32214496987633, 11.595135411511237
21.584002758063782, 13.554294641748731
20.791458162082918, 12.262813070918352
23.359585955089393, 11.876017556105509
18.572150810002963, 12.153762722225265
22.615062743133905, 13.375042352685716
19.668188683250055, 12.944203479549005
23.201768255961884, 12.923000863627868
19.860404699360515, 11.510946889741165
23.426844363978351, 12.14768540540488
18.81320001483509, 11.862007604426291
21.253233086086439, 13.528842518877619
21.610551221983044, 12.593835132607225
18.48385123968486, 12.053156434203856
23.370368298703202, 12.550922544563484
20.361563889091862, 13.254444382915018
22.423328019364867, 13.443109547810581
19.502277407061449, 11.457659078303909
23.161155888393534, 11.915406387910457
19.154573796608627, 12.611257667154284
22.454031307594612, 11.938456936096271
19.457795924639868, 12.823045315006485
21.815453150909491, 13.547484044943626
18.694218456334713, 11.910683854869571
23.320731480150119, 12.699921530810895
