-8.780432411333152,-6.16927150089185
4.462354980430587,-6.429551036422453
-1.671051857984521,-7.68183689998322
-6.235553550822415,-4.807985987517415
2.8275752136712,-8.478493650203376
-9.333029598551564,-5.102888567726704
1.1705884989794193,-6.634489670588656
-3.7319727763194934,-5.43324657271203
3.98763348932757,-7.403481337152143
-9.517141875309504,-6.082538842379354
0.8888526065106955,-8.525272087274821
-7.937525720037769,-4.642889058880646
4.006264375352412,-6.531845116775265
-5.067586168786973,-6.259567361359085
-1.5150427263100017,-6.024796923980912
-9.529154716846534,-5.578298706921941
3.487317972505774,-8.041801801383569
-8.71476288476087,-4.76524424746911
1.9115512873527039,-8.619045830746185
-3.286998116635242,-7.007199771375723
4.366283880051077,-6.717585228851723
-7.099859577134732,-4.653781901457986
-0.32499618494516125,-8.190408721762415
-9.279452969524241,-6.292406743917245
2.872333233569023,-6.828185575758076
-5.096651060564522,-5.04394404806524
4.392749686144105,-6.366853573045922
-9.09706621452623,-4.907427753842187
-0.24975358616437734,-6.3779642306984545
-6.548455207865857,-5.800503096191989
3.172621489100266,-8.293150413621522
-9.553186006487236,-5.858066000652917
-2.6022294610384002,-5.745668585688902
4.179431283983601,-7.07366580341294
0.3174162486393265,-8.394712819481793
-9.011493650543093,-6.3258582853253245
2.369742793266995,-8.592315940556862
-8.316485866262875,-4.6878326294567385
-4.094396282051227,-6.669738118219525
3.7816104123182552,-7.7176058055289305
-9.457539276226715,-5.32056570277527
-2.368113960626922,-7.4177088413180545
4.437248264494771,-6.545025339761457
-5.690686147727608,-4.920452830559334
1.9275344914121784,-6.761921792156725
-7.510780801176851,-4.626070746435664
1.4116816004383883,-8.595345987338767
-9.432531936359098,-6.210342346113452
-0.9874709030550199,-7.94490716711794
3.617176093117203,-6.688434265274785
-4.429054019565985,-5.217302123259237
-8.933051812952641,-4.8323908793107
4.267411246394547,-6.408874430023257
-7.309001460188248,-5.593642676580746
0.4145349178872203,-6.508634344967363
-9.548167493684408,-5.7224069924361025
3.638523181720096,-7.889824836153144
-2.074665457319454,-5.875894117374198
-5.777736969186558,-6.041833772038224
2.6107177375601958,-8.547680002102139
-8.87168559087598,-6.301777514543011
4.279458534565557,-6.891203549819626
-6.701593478856145,-4.715384395484702
-0.8843655437442848,-6.211714229928627
-9.242720766110155,-5.008849652237303
4.447186739492636,-6.378594328983273
0.6057265567185304,-8.46773138060293
-3.2442462539625425,-5.576658196909925
-9.541998372515877,-5.9879087946956435
3.3193755199106625,-8.185573382370608
-2.8103197652574914,-7.217966151653728
-8.50499295527015,-4.719579662876257
2.4035907876686164,-6.819860676183811
-4.574937822982381,-6.433605745742459
4.080715484842561,-7.245445823191782
-9.495629686559168,-5.432590220128966
1.6691097844176046,-8.613145878134592
-7.720335106447626,-4.629024301558886
-0.6547549692221204,-8.071770100767157
-9.170815368907391,-6.31629580102818
4.4079531549004525,-6.622963121160956
-4.778343485582416,-5.119814124041394
2.9963575935316435,-8.400004887162861
-8.007808284338509,-5.514659654240309
0.8010800557036457,-6.5732265905408065
-2.005011740517646,-7.560357952747539
-9.401012676133474,-5.202891194219973
3.8890135452877503,-7.563110253934496
-5.970186972483552,-4.863063371066785
4.156914719577601,-6.460272638393173
-9.373753552136161,-6.252618764405505
2.147411781644029,-8.612685860049556
-3.703516504030068,-6.843589064242917
0.0017184986114239,-8.300048601086214
-7.290546603274013,-4.635483636830283
3.3036350368021896,-6.773006367203069
-9.485516401809877,-6.147008614885582
-4.069746343752525,-5.328074766547034
4.457008336711133,-6.473558923051281
-8.83383852411511,-4.798524162954939
1.1546196659071342,-8.566592248161665
-1.2084081090811538,-6.115108595410449
-6.163751342957564,-5.917106814005074
3.710355542254382,-7.807591241880297
-9.177481771404057,-4.9577547381220874
1.5618821759310928,-6.701489045100045
-6.4939566846231225,-4.755243327837694
-1.322853224801469,-7.81242045101884
4.425161071785664,-6.3672849846475215
-9.540586690585586,-5.65235605536591
-2.913532503960103,-5.666238596158357
2.72023216781326,-8.516799285596575
-8.136653566725752,-4.663509782103825
4.231422444061587,-6.980355056331282
-9.088160580389577,-6.324688084352676
-5.404242598176025,-6.159939919895976
0.06097423312319493,-6.443718672668672
3.8242971479443213,-6.611585421558129
-9.54994786578804,-5.92427782732695
3.4013822686832205,-8.118248603135475
-5.383414584508021,-4.983092693376383
-2.59231054020182,-7.319485714006447
-8.611248415487633,-5.746402868270411
2.031703502686148,-8.617485166649862
4.327997244789797,-6.79679497412057
-9.43063186330524,-5.259245545926324
-1.8179230958588215,-5.941629179342539
-6.94088233267979,-5.688815641653254
0.16240157581290668,-8.34992247292641
4.33832962673661,-6.380657619894457
-8.607855150017778,-4.74030205578394
3.083702885367427,-8.350194612374185
-4.316120685659794,-6.5568331183020545
-8.818472400690757,-6.264910418750639
2.1702773327236677,-6.795928883605978
-6.914938113014453,-4.679160559106591
3.9402266730516358,-7.481785614367833
-0.5755360980060991,-6.297846824849233
-9.513343201270445,-5.501071416089118
1.024364044020761,-8.547841635546199
-3.5024337683012874,-5.502354303314197
-9.331698824167939,-6.273417668565551
4.459336357320697,-6.400696316371246
-0.8197819915600925,-8.00976699911336
-9.02255375415556,-4.869671215669192
2.484121628888443,-8.574626882896414
-4.609702824439032,-5.165090124465384
4.127350641792661,-7.164937849100913
-7.8307055458185895,-4.634828589428371
-3.066378004288996,-7.1003306062215135
-9.530659286690717,-6.0402220085837
3.093889728859091,-6.808287425531596
1.5408177823801268,-8.605678593613266
-9.293104877184476,-5.057156744523091
-2.3417113609960465,-5.809968384541073
3.566529509938509,-7.965306991512252
-5.833988386000847,-4.891144294276282
4.423772700203842,-6.582817636749869
-7.6295389225790355,-5.532552890780527
-1.4972394219179288,-7.745753233363086
-9.552497417290454,-5.792972737111804
1.359118131469213,-6.666587097806756
-4.842087299599971,-6.331140075224069
4.085212242640108,-6.494640217460741
-8.941645998553787,-6.319951441893231
0.4770851157475699,-8.436902468234711
-7.403220780748065,-4.629035474511269
3.835092484649597,-7.643609995601077
-8.403770139927495,-4.7016528917971
2.9125988771380107,-8.441857468972342
-3.516427317863607,-6.916997803113835
-9.460426047291037,-6.1814280055303055
0.6053160975651298,-6.540933517998962
4.4499386215105075,-6.50333361903402
-5.238136497371547,-5.01335527257435
-9.370484951674635,-5.153802553830967
-0.1829914343962546,-8.239205726353706
2.2614584966156954,-8.604280470352062
-6.35141821310136,-5.859166888722466
4.038207380900239,-7.318090437421961
-2.1772279924890268,-7.494893704719447
-9.478853129529009,-5.378629720739303
2.646422562869993,-6.831875711163736
-6.372211236780574,-4.779834933937007
4.367588081402983,-6.371844187278817
-9.225942592452602,-6.306314896204698
-3.9090932947150376,-5.3784068842701656
3.2489287710361063,-8.239268249643773
-8.048489372330577,-4.653536416168305
-1.0499878755850318,-6.162687270560815
1.2866824172428362,-8.582721309825295
-9.138367312571237,-4.931812426503068
4.304693319160997,-6.842788415734868
-5.591831230415127,-6.101858871376349
-0.49725284800606195,-8.129302793360107
-9.50263488141442,-6.1162291426579385
3.4861322890172164,-6.728497547159363
-3.0659078888519726,-5.6257188053927845
-7.006160733425209,-4.665812070502256
1.7955565381637415,-8.617634124372831
