-17.565807512981955, 5.9806072945099844
-15.044194339593389, 7.2440506412717101
-16.798967114370193, 7.2441371466257536
-15.173461842715877, 6.4004772175112512
-16.82955273005798, 5.8994711264416919
-17.453037726335552, 6.7514792241339405
-15.656129084905487, 7.3799740880313536
-15.082339443019386, 6.79688643784052
-17.573317827797283, 6.3174057548190854
-16.244041508035586, 7.3630350300338039
-15.72096692059916, 6.4678389099664315
-17.219109773855934, 5.967336564030278
-15.221158690625757, 7.3426822738244635
-17.203046066529435, 7.0101257713729899
-15.114677034589473, 6.53395189590284
-17.583490045572304, 6.1058359081363323
-16.40509044615585, 6.3941850592781773
-15.031612679695922, 7.0871918042745126
-17.531662199535049, 6.5633124577260267
-16.52204204143462, 7.3216239033919885
-15.35383728304101, 6.4037870894937168
-16.982054386212589, 5.9188027389680364
-15.419214434423719, 7.3672675858183343
-17.02673316310792, 7.1301102441253734
-17.470558688721638, 5.9718084163348957
-15.929970311228807, 7.3817302501578466
-15.099086459612653, 7.301154095842314
-17.358358470545255, 6.8768109458968647
-15.133725836608697, 6.4482040628663109
-16.756449518070305, 6.0114872545880811
-17.580629627349929, 6.2058861069745124
-15.054068691301733, 6.9548545885979225
-16.029629796062437, 6.4760411611690261
-16.66447698695481, 7.2877424850697787
-17.58024231197442, 6.0203932330556134
-15.027529736828392, 7.1778870530468746
-17.499705654048704, 6.6572096813220298
-15.250754985919123, 6.388859151673195
-16.079618399165977, 7.3759738216388291
-17.093982316628448, 5.9455364819889143
-15.316083180192901, 7.3572555954928944
-17.5582387462714, 6.4405048310347839
-15.100564403108962, 6.6618096355547749
-16.928020490874914, 7.1868584498301633
-17.364680786752089, 5.9768733540508086
-15.777970586857617, 7.3825300745033111
-15.515961892777298, 6.4363701855569779
-17.286360614140325, 6.944875384436437
-16.882589366053562, 5.8973625279647628
-15.146328909021005, 7.3228737140677973
-16.385159847988849, 7.3454838876196531
-17.535484198111774, 5.9686699650645085
-15.068454557704712, 6.8780550332081933
-16.655267998921993, 6.2078978558183211
-15.532187871197522, 7.3746891816498987
-17.411786774045719, 6.8133547349280201
-15.150164183326218, 6.4195627621094165
-17.567147386615162, 6.3770206034869634
-15.063573242943761, 7.2724437627891607
-17.111023492939651, 7.0747219763022793
-16.79107624859763, 5.9310238792304286
-15.10773184609252, 6.5949341932009613
-17.583080929742174, 6.059158625111257
-16.161993521941934, 7.3704234143593315
-15.040020097755367, 7.0315765739488496
-15.870592903064374, 6.4785310128361937
-17.295341434001195, 5.9746926906271449
-16.734081895022079, 7.2668613325829021
-15.423915824249352, 6.417944254371581
-17.545090583640757, 6.5094361457307865
-15.032420897425624, 7.2109554356494519
-17.582476651303672, 6.1568439490453075
-15.851322096460102, 7.3827318047402128
-16.234898885043805, 6.4473442853165785
-15.208474311291276, 6.3899269532249807
-17.246255755546947, 6.9775214913929968
-16.930999394543861, 5.906402706888656
-15.26689194549407, 7.3506344024629344
-17.508887060790673, 5.9688304483060515
-16.456599032058005, 7.3339616018494178
-15.092147717173738, 6.7300569843662679
-17.478556894205965, 6.7042569560670069
-15.027305619102119, 7.1337138076742646
-16.872864154561029, 7.2135601545349886
-16.72266975416661, 6.0948579196763593
-15.589799763054998, 7.377483339542569
-17.57467107882313, 5.995827240401673
-15.122564646654777, 6.4862561745765497
-17.577392104941133, 6.2643033009487761
-15.178146225111032, 7.3327162002154598
-17.069231398808803, 7.1027204019896075
-15.61103971977866, 6.4530487369695217
-17.150257280521544, 5.9566865123971979
-16.006265310978357, 7.3794585621336601
-17.516899467018412, 6.6111708997824641
-15.294561203249401, 6.3935190998523872
-16.594019466037061, 7.3058245780943256
-15.046828354838709, 6.9934225691373708
-16.809108545739917, 5.9102735641635107
-17.422095351364966, 5.9752632753672952
-15.3718008431198, 7.3631655302784518
-17.328662672559776, 6.9067393601917626
-15.079376963997113, 7.28740720916249
-16.538031096711709, 6.3211365740688583
-15.111118768666643, 6.5634914009139065
-17.553887500620021, 5.9725175257353866
-16.312844795921094, 7.3552881251179469
-17.432335298970855, 6.7843426845082648
-15.075603881840351, 6.8376528018651497
-17.03446955968742, 5.9318378261071576
-15.715663840062955, 7.3815562855902694
-16.975313013515933, 7.1610600147599941
-15.189288473860159, 6.3940096628765613
-17.563039623631738, 6.4086981169251294
-15.037360774056609, 7.2279309517092925
-17.583510819951378, 6.0818240721959427
-16.122040979392189, 6.4670677596415302
-15.474861662879391, 7.3712793600002229
-17.159979699770659, 7.0409358809501326
-16.855687067553834, 5.8956616640824668
-15.127708329416713, 6.4657115971828576
-17.579143116496567, 6.2353788977801532
-15.122141267838188, 7.3131785388309503
-16.201860339445474, 7.3670748720323731
-15.468879105158813, 6.4271209055985583
-17.386148556111571, 6.8456375189300216
-17.258883314525779, 5.9717926551621963
-15.029040329819082, 7.1103691497188759
-16.699598366938183, 7.2776167729371783
-16.773218242837114, 5.9672158102934887
-15.096623116822805, 6.695288507428625
-17.551255532197441, 6.4797419985693079
-15.793771252175635, 6.474499624624344
-17.577958426189397, 6.0073026654712436
-15.891052329994196, 7.3823894411788107
-15.060966863009252, 6.9184304631073017
-16.837579643981137, 7.2288482159076803
-17.447238538733536, 5.9736552472980247
-15.243834940257379, 7.3468924063018326
-15.229915481132597, 6.3883938121308628
-17.489836869937363, 6.6802525384187508
-16.421764961708142, 7.3398200988813116
-16.955852669344836, 5.9122891914457263
-15.026748533011538, 7.1591266255229291
-17.583072498246956, 6.1334797443692954
-15.142085702683779, 6.4311241549876179
-17.306740894343186, 6.9270660663028858
-15.622114276584533, 7.3787922927489644
-16.324501766593212, 6.4235061231776607
-17.570723445894487, 6.3447159383255931
-15.053638967816426, 7.2599388825114488
-16.559089326208973, 7.313803557972542
-15.324982139976193, 6.3984384007428163
-17.332741897570244, 5.9764262981068406
-16.043499091096209, 7.3778549207039719
-16.695177366511544, 6.147931483561786
-15.104257130138148, 6.6280119721825681
-17.52458264453027, 6.5874450331701153
-15.343860273388, 7.3603742236508971
-17.135343085054423, 7.0580712549573894
-17.545548988846065, 5.9700341171764064
-15.03582868007959, 7.0572979141831986
-17.064454736052031, 5.9389459040866504
-15.660665749422868, 6.46038716445043
-16.999637757723441, 7.1467666043462099
-15.502707433466945, 7.3730190812784997
-17.582098292664995, 6.0391749041094744
-15.118286267042279, 6.509181689722789
-17.464918970717633, 6.7305616782080904
-15.161481030687845, 7.3278956959349957
-16.90214001163109, 5.900420949279626
-16.281026921410763, 7.3590543302905989
-15.087085880458286, 6.7658988943342226
-17.575593666605215, 6.2896791634433766
-15.950048805274292, 6.4792089153010828
-16.768620983595326, 7.2551970122904423
-15.81087335990528, 7.3827507756458628
-17.18301791908457, 5.9621956551505075
-15.161379218204868, 6.4084299289241224
-17.226141438688568, 6.9929658088899691
-15.029495237107731, 7.1956205794972812
-17.492698537333226, 5.9699660783241288
-16.782353870199373, 5.9466743712873367
-15.388999621586613, 6.4107850240343689
-17.53906026985657, 6.5351743071962796
-15.089007076391269, 7.2946400432080702
-16.12080221829401, 7.3734233621225052
-16.902541781916142, 7.1996366985086375
-17.581671836657687, 6.1807835831359421
-15.050468969520434, 6.9739015590485556
-16.596988337748769, 6.2726968064900586
-15.443811568112192, 7.3691357089574323
-17.398871414485896, 6.8300982610295904
-15.270945321250931, 6.390531024136255
-17.570442076455119, 5.9868146364923822
-16.627871411938614, 7.2974865954118373
-15.199660329017426, 7.3380805614895159
-16.841498059082973, 5.8967712445865672
-15.562094598905684, 6.4448512540122378
-17.508607165486659, 6.6344404861644009
