5.0525998804889589, 6.53304746099528
7.8990632852197802, 11.466773034385049
6.0570241689874322, 4.9776403450635813
6.295940565866168, 11.036963175771527
7.6178842266551214, 7.6139267141401916
4.7668426601506013, 5.5217562530352042
8.1274925957636874, 10.2549915711166
5.8923770112372775, 9.0021403931560222
6.7633761908629442, 5.9298996642396054
7.1511425447406154, 11.543941504617615
5.3882550788964174, 5.1562569341328928
8.2050644376180166, 11.070489197619857
7.8106178691029235, 8.8010831608990117
5.4614042917515704, 7.6028259311040278
6.6335460560743371, 11.344625335653758
6.3448785585529031, 5.3060140925756727
4.7279293478788702, 5.799956139797275
6.1807902615841446, 10.221088244770787
7.3498091732710655, 6.8673541125787985
7.5880334283020794, 11.571175949373076
5.7483909081024116, 5.0206060561560362
7.9992625782089242, 9.6174719263872035
5.0059404062900938, 5.3430890705729936
8.1096193153025133, 11.288274770839543
5.6850017811110689, 8.3107216322429451
7.0516804318804773, 6.4130936985968576
6.2368809210040315, 10.739878424720011
8.1949875019866418, 10.706055170034448
4.8648850281558893, 6.0982550909408069
7.6974025724665083, 8.1528809765851324
6.1786895124427588, 5.0926996269122355
6.8957218349036822, 11.465326387839461
5.2529961616484666, 7.0420252560424599
7.3949458780953972, 11.578779408050172
6.5556534535911517, 5.6012799184940487
6.0788143970101096, 9.6245172080410377
4.7061476716472441, 5.6334622943823449
7.9111090398735033, 9.2513433844891857
6.4283135616056555, 11.2093242146815
7.5212209055542658, 7.1955868977366544
5.2040922259794531, 5.2394059964468571
8.01529986092374, 11.385274109569011
5.9188899175647904, 4.9748147733772896
8.2121514798511992, 10.897675876925021
5.5797564411375475, 7.9631974136381203
8.0733682574573713, 9.9580608179213126
4.8699374888915834, 5.4305327641364229
7.7351453471698619, 11.53858045826286
6.9059275576472103, 6.1714837443711108
6.2124748293622822, 10.503597146626323
5.5796417924723762, 5.079620210131206
7.6570776011512471, 7.8769836981676233
6.762418206847963, 11.409203195875547
4.95904519874464, 6.3077510358333342
5.8001253609042784, 8.700059410630546
6.4451846991260275, 5.4422460000085211
8.1714029675506747, 11.186611714312741
7.2218239647763944, 6.6739748615907866
6.3501272338890882, 11.129969787093358
4.7040226933604181, 5.7107620067415734
8.1632267232431115, 10.477834055439107
6.1120488775314357, 5.0167965220607478
7.2737022152105641, 11.566930835509782
7.7531967640466455, 8.4971509732046826
5.1614355433699082, 6.8076552846871108
6.1355088094248895, 9.9054731574189301
5.1057280434511831, 5.2885181436659794
7.8183494037907764, 11.507468998422622
7.5718350959344427, 7.3692450811289749
5.8376143980949173, 4.9940060916524596
6.2593522533809587, 10.904038149863466
5.3640101775784217, 7.3324149512113737
8.0376061792287778, 9.7863201044285635
6.6611988041737753, 5.7634827382045346
7.0245793344055052, 11.509870091650409
4.7834496005349507, 5.9275071809166047
5.9853641408214013, 9.2958271546331215
8.2127081043825658, 10.989953721400234
6.2563559379768172, 5.1906659347952333
7.8593421606512646, 9.0287443443847692
4.8123996961776676, 5.4765222464499956
7.4985140014246969, 11.579134176447338
7.4433196502327412, 7.0242283208966141
6.52636999324789, 11.28101619065003
5.4822422466976093, 5.1174369820550796
5.7403433044196586, 8.4983245500342797
8.0653115535362652, 11.338765617645835
5.995873148442243, 4.9663744206235814
8.1043525744235669, 10.122165988503449
4.7260766964257179, 5.579636540008643
7.133057603715967, 6.5402841522496074
6.1982209996936604, 10.370075327179698
7.7235531204110686, 8.3206714133633621
7.6642026005425059, 11.557582190546253
5.1053928716653054, 6.6653222357234387
5.2928837662275985, 5.198058461145127
8.1812963405139243, 10.601554445283904
5.522082861071457, 7.7829201956433849
6.6981137884663653, 11.378354647695064
6.8317004347681323, 6.0450686865337708
7.9533365045666553, 9.4259586454597777
4.821738157094785, 6.0074944707282292
7.9586814673901269, 11.428856587174643
5.6704253933795759, 5.0467234516679396
6.2751953135567238, 10.975360793476666
7.5967168110966909, 7.4900527281984584
6.4980155691495636, 5.5170039926958054
6.0344489937993693, 9.4575379411733795
7.0886317769938696, 11.528359479507722
4.9357656265743586, 5.3856436732634068
8.1905542974438799, 11.134711977666017
5.3088507940520149, 7.1866489646512219
6.144389186973326, 5.0516134899719427
6.2259168202818653, 10.635615817568134
7.6753017887914403, 8.0033484003720297
8.2057272654553728, 10.805686884816964
4.7127842163842786, 5.7529961995224159
7.2907417463322624, 6.7769611883278493
7.3348975445527298, 11.574355262176459
5.8471744832733705, 8.8558929274863303
6.3008221393832091, 5.2481308134031943
6.474488411308549, 11.24536517078359
4.9170341194368206, 6.212012922101855
7.7841812106762553, 8.666781634324968
8.1416824265882628, 11.242588853125072
5.9586574573148319, 4.9686312895845139
5.6320788647206577, 8.1335920122840761
8.1453683606046976, 10.363624838063977
5.0571688309231551, 5.314362879021064
6.8355048547329513, 11.441242553587928
6.9740874958174537, 6.2863452247821678
6.1583293735545812, 10.052413049894991
4.7439036406853781, 5.5507360524917857
7.7785448626730656, 11.523620779401989
7.4868414140064132, 7.1115771470816176
6.6130139408215491, 5.6881488173510766
6.3228669615983346, 11.090504555412783
5.5298223428835911, 5.0986529413370318
7.9770337724236029, 9.523965177732423
5.2059582233081745, 6.9213743208023786
7.4517918618960479, 11.580169851276329
7.6372544038367547, 7.7405379197730264
4.7528094800167455, 5.8608614522826743
5.9408497271712264, 9.1555495459862257
7.987573789879578, 11.407650347958757
6.0822755464812168, 4.9917030585090965
6.9613275125961742, 11.489207341224065
7.8837561299843344, 9.1355448267060524
5.2491992646676433, 5.2180852424655564
5.4159468658864824, 7.4740778008282005
8.2133936181662399, 10.945249328223934
6.7160943129664208, 5.8518467027909047
6.2469446176715167, 10.82361007455869
5.0053378760637166, 6.4173868346138221
8.0889409477466696, 10.038602134020357
5.7942845467441408, 5.0063939770224781
6.5781572143972848, 11.313129778578585
7.5490349643861911, 7.2810479838847773
4.7018688016421457, 5.6659427882684295
7.8618097899394286, 11.48695674859076
6.1102490649988415, 9.7675733373873488
6.3938442440106957, 5.3716642114366895
7.2135843654823812, 11.556953256285004
4.9009512983960466, 5.4086223097472832
7.8322607506120914, 8.905001325723644
7.3951978570625929, 6.9402873502100961
8.1730428520129692, 10.543705604446989
5.7128639099772176, 8.405063928781761
6.2159323691991215, 5.1392028291044305
6.3865752214962921, 11.17108887721114
8.1572013194243276, 11.215728085792874
5.3463239599180223, 5.1743249074685975
7.012818881966723, 6.3502627747762261
7.5489306760354573, 11.575660549284022
5.5506286616077496, 7.8710690451428809
4.7894394004046781, 5.4978931928789718
8.0539756207236124, 9.862843699630945
6.1897704517224472, 10.295811228020689
6.0264251754320703, 4.9688170014535276
7.7105144845917604, 8.2383959699947997
4.8907069005343544, 6.1539141158242066
8.0875969023958802, 11.314752119803824
6.8662777418138923, 6.1039481887193556
6.7976410774464266, 11.425033738418087
5.6293521787459753, 5.0613066282562214
6.0103542463491451, 9.3764443768178314
8.200989203788982, 10.758318713143746
5.1326125956429944, 6.7342954094385172
7.6306315940078839, 11.564396629331949
5.1487902840598476, 5.2665351790350217
7.6075768238586523, 7.5513554083564998
6.2197175794305508, 10.574491000864811
7.1783627393435054, 6.6089521487419018
4.7135653410091507, 5.6077493866306671
8.2095423509853322, 11.035897668533076
5.7737168535986427, 8.6112992966162718
5.880143856240025, 4.983141369265133
6.2851238347372398, 11.008066355367585
7.9322078045326361, 9.3389041531954504
6.5262864412930348, 5.5579727832916097
