7.8437422607992495, 8.8746187689023408
13.838718274573036, 10.874936120619571
7.3440704709248372, 6.9303748879707632
11.5184280419262, 11.922272966390855
13.950117083106758, 9.7416241410186544
9.2754505613003584, 10.540393522409675
7.4635490542567435, 7.6595913343479687
12.937404332779078, 11.836072230170515
12.159720552252852, 9.7498723863852472
8.4637841334093817, 9.6831514836702688
10.506575971667157, 11.463938880938041
7.5043305672993199, 7.1540056042966231
13.991747799563866, 10.19395354607345
13.455144502259119, 11.467760312538992
7.5912081430969316, 8.2484521780899414
12.223876306445813, 12.002188361797343
8.7808223428471095, 8.7712924988440708
13.459776265153778, 9.7826172664891526
7.3479800779357056, 7.0452908362889568
9.8839117933205944, 11.017244484116986
13.693897072131815, 11.186160784026697
7.9711533002883446, 7.8426236534119953
11.016300899774555, 11.757704748593172
14.015208015869533, 9.8930916076540054
8.8283366944154089, 10.098210261421823
7.405786085693336, 7.3582451371742543
12.603830608217923, 11.954187052596131
8.094545756854906, 9.234298458065318
12.81081220546006, 9.8278437452957235
7.3810109771694226, 6.9632383229895316
13.930295885937152, 10.528547712197529
10.140965941743552, 10.024540222755487
11.866371456280309, 11.984626483142364
7.6829839776978854, 8.5400696159808867
13.793805503371317, 9.7245544752904394
7.7116035602109889, 7.4760699652594678
13.21440108516528, 11.669622016267645
9.577687601631693, 10.78992848861138
8.3599223988519142, 8.3166393965051064
10.764012743490843, 11.630498219292457
14.011359701020172, 10.032910526279704
7.3678983330509009, 7.1583696479050385
13.587130443579388, 11.32859888343731
9.3146488085478722, 9.3524740841615301
7.5214200227002159, 7.9489966076563752
12.43169470209174, 9.7837346779275798
12.418686913055659, 11.987501361603256
10.192981316789973, 11.239031148313567
7.3376734369937076, 6.9564193679746866
13.889448537092004, 10.70170017716795
8.2768341647372008, 9.460292809838446
13.994222109235171, 9.7927362011284362
11.283357778769156, 11.85719246320687
7.6026839106097643, 7.3096361282514657
9.0328550604150628, 10.311830810089321
13.079114801998209, 11.759336316944868
7.7551673159163634, 8.7091787159323655
13.18447746929003, 9.8194217199864511
7.4289399569224948, 7.0342145808922139
13.774884582385074, 11.038168934546121
11.038401528000506, 10.385085234622419
8.6396596017374563, 9.8874306204895355
12.035283536001806, 11.999416235988271
7.4919552727579184, 7.804683697365892
13.966669295841148, 10.34503692829834
8.1592665201474901, 8.0823538042649545
12.776154786202561, 11.903396436783595
13.669068032894165, 9.744055301821545
7.9653783498993462, 9.0612059988836471
10.348754063520245, 11.351407288838345
7.357043111775841, 6.9354902520694459
12.019137080540929, 9.8990179328581878
13.346206726354836, 11.566095866553288
7.4314910186246053, 7.4926495170471838
9.4256334590351489, 10.668633663086434
13.892406359889472, 9.7230100848991565
9.0206304748860617, 9.0362227395407491
11.677279978916033, 11.955798711961641
7.5579007346470668, 8.1140475574890907
13.808586466874875, 10.958581349934581
7.3835178242249242, 7.2414844973605472
10.893296145562099, 11.700327203187639
14.015821676074866, 9.9601334487135738
9.6638042962451323, 9.6835012814628278
7.6368131698310151, 8.4065871298660984
12.514621856033498, 11.97279148646944
7.3407345194498106, 6.9949851502889793
12.99775049307372, 9.8301061024298217
9.7431836482159078, 10.91475834274039
13.526006800440861, 11.396443608137664
8.1865543913843428, 9.3499940722782569
7.8239506229382521, 7.6399761896426934
13.949787868517777, 10.434140056458643
11.165145400268159, 11.816909723939363
8.5638801075979636, 8.5385413379821777
14.007180123006213, 9.8321387974380077
7.461356785184563, 7.0853688621806699
9.139612499367912, 10.415830833068997
12.860460217463983, 11.87073588761611
12.27971502258224, 9.7571287549168044
7.3391770170160164, 6.9380527601068902
10.048786057303632, 11.135537538680724
13.649044930096426, 11.250965044416661
7.8994180436909538, 8.9641549280605624
12.128507979903244, 12.002716590244962
8.7288431016235695, 9.988403063772644
13.57399710723395, 9.761917057120483
7.4466020137338695, 7.5715457543855402
13.909058190216546, 10.62253897417723
10.634741354280786, 11.55078113699836
7.5534548071348624, 7.2322248584475028
13.150272564165959, 11.714202064878455
8.376096182763872, 9.5793534230145578
14.002646207966496, 10.114515554076338
8.0602876831301273, 7.9588236623949973
11.412359418390563, 11.895246284846159
7.3561826027415389, 7.0937543331274888
12.615132816707327, 9.81127890430718
10.511617760684627, 10.218172973289995
7.7163789870011321, 8.6233216262277228
13.973549411595332, 9.7608862219043289
11.777638739446044, 11.972640907279347
7.538546841326438, 8.0286379520184497
13.737605142329617, 11.112539652311478
8.9318254011335902, 10.208540713176069
7.3995553050599554, 6.9894958778091265
13.287394891018582, 11.614294821246224
11.732460498657227, 10.261725461906037
8.8977594765786883, 8.8998476348825051
13.846467539295052, 9.7208689318063026
7.6591008229623458, 7.3967365896869417
12.327693252686174, 11.996762178690375
9.6574737203329679, 10.850865432189078
13.865846719957528, 10.787740978271172
8.0282605082682785, 9.1475751214940413
7.3668392004205181, 6.9454400022381471
12.694598842705378, 11.929994372874296
13.328528462473136, 9.8029672721903083
7.6130367710078062, 8.3277398356673711
10.427421877751526, 11.407922509939253
13.98028174175878, 10.266689444101743
7.3947547957407149, 7.3005060585043564
8.5528081302352614, 9.787277519914575
11.089561833603765, 11.788126061554443
13.404941740505183, 11.514611237921685
7.8880415731779685, 7.7298807161211425
12.087932431389993, 9.7830226025299005
9.3471054302780718, 10.602744291840391
13.924264416798808, 9.7299642386500729
7.4778793785877937, 7.7333128442346659
13.00736377433309, 11.800333272091406
8.4602435663847544, 8.4271648565092327
7.3385800394965006, 6.9740783315537662
11.949337968387766, 11.993252084009926
9.4844124770075755, 9.5208093203184312
14.016259890174261, 9.9260964141740473
9.9720651036887311, 11.0805859895985
7.797241805965065, 8.792140563212433
13.823920734385958, 10.917634741831135
7.4181876841632644, 7.4230973355001337
11.592494066545765, 11.938939700648856
13.730080075046128, 9.7334238490043496
7.349071692022342, 6.930423207666486
10.700616958739353, 11.592571157220064
13.6185317106401, 11.290610470275688
8.3246096739395909, 9.5178297119474937
12.713979379712452, 9.8214420375042053
8.252370034069715, 8.1935686059982107
13.940421204192983, 10.480538681801253
7.374525976994903, 7.1938806415500709
9.1991002397721413, 10.471437944703757
12.648539853417265, 11.942958715925222
9.8983931104721048, 9.86885846679486
7.5073153306606439, 7.8809225887286658
14.007472100380749, 10.072903191128416
11.34577982410126, 11.87633814778199
7.6592295468551104, 8.474375191801979
13.491484959917589, 11.432022683316475
7.3444024907779983, 7.0221097167132474
10.26463546623404, 11.290689441484107
13.097802002351704, 9.8259427993741539
9.1553524735133163, 9.1840671643940652
12.277091599290486, 12.000064531046338
7.7617621306749438, 7.5502417583456314
14.011670760079959, 9.8568500767454772
8.7784953382167341, 10.043617709280225
13.115205540169779, 11.737008766516828
7.4815282127635339, 7.1175524645137607
11.934895355251927, 10.055533441092933
8.1385666919524429, 9.2901869877452583
13.878302372326004, 10.743561341604615
10.836241841940366, 11.670762168414987
7.5739514831242278, 8.1808523494311824
13.5193316424436, 9.7720681873762523
9.5042262201931145, 10.732270740077301
7.4138767953845104, 7.0109794482433072
13.717348187775871, 11.148204643736474
8.6695401893880142, 8.6512585933478974
12.81973812952544, 11.887187913880949
13.984599949517607, 9.7752264950129231
