18.503520563887854, 12.052795595261294
18.325148975181371, 4.3698246782549033
15.922459075511643, 7.6014192577502584
19.520768662213751, 11.192194778846192
16.580534044666415, 5.2256958725740752
16.883951016455075, 10.118327560571133
18.502988149800775, 5.4325836070165892
17.746273696647208, 11.296594232896323
16.001263021832127, 6.2428845176696655
18.398146229977453, 9.4595312076975677
17.58062118697395, 4.5600836238127451
19.133760229291401, 11.708699300863939
16.218042877968365, 8.7486908869182809
18.510005859885766, 4.5262559803729987
19.164571887244694, 10.675244639893016
16.232044231022492, 5.6906260187500566
18.213446469548792, 11.820374078886285
17.09978300697902, 4.7921212048028732
16.514802242290344, 9.4233355259080973
19.428097063973077, 11.457897669375363
15.892864488607168, 6.9362603723282081
18.489835759118336, 4.9275482532952566
17.318819900663009, 10.772378073917473
17.696920219134917, 7.6452454496065299
18.750801740507036, 11.990356932788961
18.004273578532043, 4.4247088299510162
16.027514456397675, 8.1550727244908146
17.896047478572626, 6.013929343392709
19.398479665929173, 10.98675110404972
16.831496148043442, 4.9889962006233421
18.000955847415625, 11.588366948525152
18.464199941059476, 4.4010642086578002
18.027504289998237, 8.7403123428041347
18.925327279203753, 11.865153483658872
15.929250889604859, 6.571215952651003
17.085923574686127, 10.444349443763956
17.357954779270294, 4.6537256813886865
18.793188224346544, 10.194271830161616
16.112031216896284, 5.9306880183449291
18.609388626290311, 12.058523262241637
18.504515285413898, 5.204284959097218
16.354922387518261, 9.07934638954878
19.511425516370092, 11.334823997543866
18.177381670749057, 4.3865445173968665
15.894812302417794, 7.2942514081145449
17.539897178297998, 11.051306645104448
16.407543686825882, 5.4275977963738908
18.367495718060738, 11.968157957782742
18.501986611048117, 4.6798474820096549
16.687608881078091, 9.7637823354656579
19.299422166450896, 11.578241405764951
17.787494578568683, 4.4875521928222195
15.970434648638021, 7.9000264192875695
17.645568312772696, 6.8030163961585499
18.992119870588475, 10.462196603910572
18.357307560430129, 5.5816967327736737
16.118714351439184, 8.4697298086111203
19.024859426991725, 11.790698674320373
16.959348937831543, 4.8875254521140272
17.881006021932809, 11.452241351930297
18.411272439006375, 4.3770603653027909
15.960937076430502, 6.4033948680994452
19.481159924725347, 11.104403530398745
17.866528233649539, 8.2751532068751086
17.196424970881409, 10.60564125684099
16.690654883488012, 5.1154697490046184
18.439523620289727, 12.021452049981431
18.499317097267273, 4.4529797714205124
18.558684859967265, 9.7925690194299548
15.889497159596388, 7.1085332854100525
16.312248933012832, 5.5608008190538314
19.476791182078657, 11.397279615461123
17.895423905309464, 4.4545193197087336
16.780146729209193, 9.9351886621693914
18.679133166845357, 12.032378916862037
18.513038741692995, 5.3277880035339287
16.284938494941745, 8.9159063824869964
17.240006239973606, 4.7120089123711564
18.117531273237816, 11.717741310899845
16.055657830319557, 6.0734421228790385
19.29241427512099, 10.842818956424683
18.493816471449826, 4.7938942390862964
18.212173321786707, 9.1305933947921929
15.943816115293943, 7.7501544900579864
19.222825451609026, 11.6401077573998
18.253307800615815, 4.3752063738886182
17.437779769566347, 10.925259389875793
15.906104924086831, 6.7508175769358223
18.832974610610403, 11.933272248986478
17.477193897013677, 4.6012886822146148
16.591586033369222, 9.5780214603636047
18.13565048863925, 5.7322765243535345
19.52858488866309, 11.263303714857493
16.490457535377086, 5.325537966453334
18.293214731563204, 11.900758462563113
16.071236398764828, 8.3158237915632505
18.508688564267676, 4.5883898641258289
16.985852333507644, 10.287988114439498
17.633282417505477, 7.2327021870984529
19.368077327391454, 11.51805253699442
16.169294988654507, 5.8076347563476549
17.653320201321286, 11.187352233916442
18.091203283979063, 4.4038580805464207
18.673641977443964, 10.005356549643301
15.904787813025345, 7.4364637349382292
18.55682201120775, 12.063310138741359
18.494278452485322, 5.0729984712869962
17.027645697108071, 4.8390380420208103
16.431431334010913, 9.2482073995518785
19.443681007363494, 11.047918297640157
17.685510122119435, 4.5217649733294172
17.785267323004316, 7.9941489713380838
18.059472749002957, 11.653766442322057
18.484044553095131, 4.4219911274312116
16.025723153239255, 6.1617052107365797
19.076177719434888, 11.752177784597801
16.166204185838669, 8.6088476987374705
18.45874172207413, 5.5077787588000549
19.082379511597559, 10.573868591631085
16.757187703972242, 5.053867792247992
17.257355583625341, 10.690036197454255
15.898406705099875, 6.8405066758722839
18.645174863359941, 12.047495028942837
18.372465598702043, 4.3710548249030392
18.311149544860172, 9.3014778026531442
17.731590679793161, 6.3881153033373907
19.522958366050634, 11.299835674926456
16.357607656326859, 5.4949596304213912
17.816702709525963, 11.378316462330964
15.996906897517375, 8.026658820888537
17.298348710842866, 4.682282292146593
18.404547627112706, 11.99748330991808
16.831316083505889, 10.026713436207984
18.50704331945207, 4.4873278003318786
18.879446953939919, 11.899235666522834
15.943579965070336, 6.4885786048265643
17.949401944720378, 4.4392689672028132
19.237877124045845, 10.769208811897196
17.947191877985226, 8.5238713998159845
16.630598693698804, 5.1741760430180586
16.472651326321014, 9.3358167959457958
19.399123833829343, 11.488200840504888
18.490982319559215, 5.0018421756161606
15.891105832763829, 7.2038882973382066
18.1713859231713, 11.77595725345078
18.259684093578663, 5.6416566901425789
17.036907104909169, 10.369032370756681
16.200218149769849, 5.7479842309684104
19.50658086556113, 11.152869286363268
18.438294269513712, 4.3858850322799086
17.593382287179967, 11.115896219981062
17.165594266822588, 4.7528514035657707
16.250617972231087, 8.8316999422386289
18.7864865838045, 11.966286396205389
18.484025074828629, 9.6374440234357301
17.634928844014873, 4.5398328750843868
15.913400807408744, 7.524323217393456
19.183225823664053, 11.670895693497393
18.511870292268537, 5.3815438682467844
18.889870567372686, 10.329824363798888
16.083562538068641, 5.9995391213569045
16.640820328236586, 9.6742862460185712
18.215621564951668, 4.3802728096853407
18.474819129603876, 12.041010507812624
16.892150427886406, 4.9391755645150219
16.049319180154768, 8.2380107107187932
19.494598635288263, 11.369003075357314
18.497796028689805, 4.7333902392068268
17.940695860256916, 11.520286008458612
15.916359903115989, 6.6609404175401714
17.38076964179762, 10.852940241281711
17.629648871636778, 7.0172547914890924
16.451399304076141, 5.3722389072149559
19.348541392389524, 10.919814746274184
17.838394783003547, 4.4715632164592654
18.328131472198386, 11.933611443616849
18.110850807337201, 8.9330737118959789
18.294363489893364, 4.3713013014143938
15.956403048015986, 7.8246107110636975
18.975861612332437, 11.827393816542786
15.980780611155335, 6.3192933827611508
16.934011601276893, 10.202975474972055
18.50933155603256, 5.2613597807652948
19.331782191994776, 11.550643859882916
17.422401912318584, 4.6246682637222527
16.388869430408512, 9.155369580549376
18.582077588580511, 12.062841088342275
16.27319455213711, 5.6216432600544364
18.506182459297683, 4.62664619020559
19.527643195902513, 11.227141467000516
17.739470986793453, 7.8214210009747136
17.144907089057348, 10.531849236470755
15.89010555018891, 7.0245523250576021
17.807809409229296, 6.1831271265656049
18.252157017042528, 11.860142949560034
18.129638412219258, 4.3956595716185696
18.731004226766714, 10.099508722925625
16.141808247534833, 8.5389279162624021
16.793918805198068, 5.0212877323703946
18.714621055959562, 12.012924072964472
