13.187246069374186,6.094063586287223
15.997649692063467,7.59567393250776
12.122835007356562,5.1085417994556614
15.509763345785753,6.011483034017067
13.844867944909351,4.940871992014233
15.992276997753219,6.776338999419248
12.694686919143114,4.941128994049074
14.830918515440768,5.386068117997851
15.784555191064822,7.35850250939685
12.431010428536903,5.546597722531058
15.213822554861327,6.667125583928791
13.248735232624679,4.880049607430516
15.996626708025833,7.4347029593397655
12.284011222331443,5.039698404789577
14.411689057195792,5.154970530800124
15.886283604597441,6.4379283167965715
12.784029755574494,5.850138750050373
15.180733744332354,5.6847645228301475
12.237878704374898,5.286043704855701
15.97348254702202,7.139752103777225
14.114871509328312,5.838353068250404
15.943075852582549,7.570258902688188
12.963861100623948,4.9008266193490195
13.001085122667508,6.001608298828163
15.732261955124049,6.247804312280898
12.143505671737039,5.16163308909523
15.567177543033223,7.069653171243551
14.11002971950862,5.0346786278855165
15.980425603463463,6.616192228792681
12.466009481412076,4.989971976844134
16.004147720559487,7.541127664311374
13.550835545723432,4.888505987977669
14.74863699056425,6.22652789274582
12.577256408230355,5.68864147139893
15.007800989811688,5.5221109446430825
15.983796211710862,7.299345136870229
12.17898582424511,5.076292886837199
14.614433360842161,5.255061707354468
12.33188768489977,5.42458149032654
15.975766013081007,6.947923149730148
13.331196921731216,5.924988007859236
15.97909752114979,7.601460642676975
15.36387681676188,5.865052239693221
13.105947380674582,4.8874275801588904
15.4040546798261,6.8736853317141255
12.571193207087958,4.965818848367943
13.705122601034716,4.909086917660088
15.872418694395481,7.479993414416593
12.679512394564782,5.7721709783745565
15.6358214742954,6.142465380291993
12.119058449971446,5.129431300306243
15.944272542000556,6.530457576933797
14.263336418722528,5.092659465795489
13.109183259009566,6.073153682803798
15.696269152008025,7.2378183026289165
12.361260189941163,5.017167441869326
14.975630743615548,6.432855636451551
16.001938696230813,7.496557931281286
13.402350394020452,4.879811728075404
14.730640808688804,5.321690788795084
12.283611140325341,5.355266890801231
15.994498310150975,6.698428384025171
12.894026804018564,5.927819717168505
16.002677770031095,7.577418960589503
12.826832562961432,4.918995543469908
15.268995263143033,5.7713453803086985
12.184216624000612,5.20989420753595
15.814489631596118,6.34407987006345
13.976843379672216,4.984415098786645
15.977778594448704,7.221881968692242
12.497102147005812,5.615112704072281
14.459285642428764,6.015158890138092
15.909542786795194,7.529432066497018
12.146014920264005,5.091638306598114
14.92940228568062,5.457559207931257
13.639911675264056,5.770774153346323
15.972315246791343,7.031863727324075
13.325208251369801,4.878860834291674
15.487176353731098,6.971224392984646
12.231012405226084,5.056906122203354
15.444283532222418,5.9452749950845964
13.152354977408935,6.094650264574593
15.989422757978357,7.602923744525476
14.504746148781468,5.198586528110527
12.379967225869896,5.487093487087868
15.98438514974779,6.8520328067971334
12.759905582477787,4.92964964598245
15.829130918947728,7.420351291954787
13.633568300195094,4.897885745152268
15.097010928407995,6.54973870676229
12.629687044281315,5.732617379882646
15.09575610315579,5.602599596544761
12.127612988912366,5.143188355173294
15.990739266392312,7.373995638040414
15.852173623629671,6.391670727653378
14.185446012553905,5.062780990424371
12.413610248586751,5.003152022987781
13.052894240352742,6.0368094470007625
15.96196679127014,7.589499604910764
15.580891208670174,6.084686085602645
13.035055975209223,4.893394230685215
15.639154311702807,7.162042740891281
12.212044544586018,5.247908944861928
14.299837087844681,5.924417506522787
15.965296124828239,6.574287589661164
13.908108461132072,4.960182985915729
12.838024308686704,5.8886410405728515
15.999650360898563,7.467880822772898
12.624165260515976,4.954752964075824
14.674284894478799,5.288427329627874
15.31083392567355,6.769750187554198
12.117933311501675,5.117390323646276
15.689318038806915,6.200152287497642
13.237389962066612,6.03571814274709
15.746142158151166,7.305556696344626
13.47729590637829,4.882993966561973
12.462990555594493,5.580808431841468
16.003976887873975,7.561654121580829
15.0530189069598,5.562604520070638
12.317668720493813,5.029574661294775
15.990655349480926,6.661138913017121
14.34082490309541,5.124178290306197
12.30691678342913,5.389479841863788
15.972186658708585,7.0864605708264055
14.857120540341612,6.322458502678206
12.897062614145737,4.909061775880622
15.92676668638567,7.551110673173693
12.731229811928882,5.811449130858096
15.316319702638268,5.817988512121415
13.774523033083032,4.923092065310496
12.202027447831828,5.067268250219948
15.916794528520239,6.483451130864593
13.875065365301111,5.769329322164633
15.98717007400244,7.336636958280623
13.17805242997947,4.8828981045965
14.878725669903234,5.419583559207633
15.993992986427642,7.600476600191896
12.163395180318734,5.184246043559994
12.951125862207663,5.967299824334079
15.979838157975431,6.896806212840392
12.517133732446784,4.977862050297374
15.772968601232396,6.294456641772047
14.615264550045039,6.120513399706027
12.536144014247286,5.652027206152555
15.851522363137466,7.451336961389533
14.044450659000987,5.0099864257881
12.133228524935681,5.09945963440967
15.527961845974332,7.020840379445293
14.556436565684155,5.224484342872683
13.208568891352549,6.075362413825363
15.994660212686593,6.739385536043574
12.260877019910508,5.32095538590152
15.970819594302142,7.5966446305817135
15.221810529215887,5.7249862214351825
13.363294105291626,4.8790490014746695
15.544722202092792,6.047266695743874
12.357960566190034,5.459309516644284
15.980371974283116,7.257793717280081
13.454839647945033,5.835794292925267
12.659999594258212,4.947672825133867
15.157476079232794,6.609764949995569
16.00339954581366,7.520119286569388
12.256633839980854,5.048360770123284
14.7810242714935,5.353128984822197
13.593264524439352,4.892868988196039
15.668616249848363,7.200871721533128
13.081615672653234,6.055827018879066
15.931091260247815,6.506929367457307
12.161008083160688,5.084135462481065
15.406570780282644,5.907526878856214
15.892410228328211,7.506946521564479
12.99946283640015,4.896933393553902
14.301646514646382,5.1079816653954255
12.6042467044856,5.7116193084859495
15.973508180765865,6.990390697331067
15.1356629285001,5.640911234579898
12.405780593274384,5.518000406715802
16.000732551075636,7.587510979102413
13.809550253090505,4.931469043268092
15.3576910557502,6.821299162315807
12.38751692262245,5.010025716101104
15.793715085241722,6.318948546934412
12.866398802377297,5.908565933159001
15.993819890734835,7.4055829762508205
12.117510753010203,5.123525483663954
14.45782773343295,5.176127023233915
14.917477902352406,6.3781892460727105
12.85975315652497,4.914178491397518
15.988770811146903,6.811896479970731
13.169783331687485,6.097979998840919
15.805305564507748,7.387276438213566
12.198503666156249,5.228913442494021
14.96741765350658,5.487935997352026
13.212593872639449,4.881303325288239
15.952790984709704,7.580676659206774
15.662265039189812,6.17077902369396
14.010434132399403,4.99704510666957
12.492013170595836,4.983722887804814
15.975213049077475,7.1788299162154185
12.705869706860906,5.79238573565288
