5.686629506607554,7.186479820947425
-8.775042171583568,-7.212640451603172
-2.189479204537689,2.0342542719285013
2.1204462035670812,9.501762690811285
-4.967169608068814,-7.129164439563731
-2.402830935313587,-3.3032429782559727
4.763690862593699,9.249800795821953
-9.430186971895488,-6.139269780353498
-0.3737814938914187,6.704688917297009
-7.14328038025996,-7.883921088195297
5.4927238916230285,8.376160633302247
-1.286704552105174,-0.6474529379022516
0.7521676384472018,8.500459278282698
-3.692063213205123,-5.677408313589539
-9.268917887470414,-6.6405410139461525
3.5182627068544488,9.691878662661242
-1.3429030021911088,4.350173665392433
-5.9894548227689945,-7.706797134265616
5.512626276644304,6.819591469470391
-3.407069134384008,-1.5169854242260188
-8.001696449788325,-7.640549087618594
1.4203143440856707,9.110354243971162
-0.17675392865522563,2.638762171450284
-3.041890361466039,-4.745495871826165
5.214367987776149,8.88039272780004
-8.924494785706942,-5.995227660765807
4.111316220578365,6.958186001948562
-4.409571669544111,-6.539374109303894
-0.8502461411492882,5.690447013280294
2.9008172710996245,9.70189264049732
-8.440541931662462,-7.499046983214009
-2.7892944596533256,0.33521904483413734
5.6285350795898195,7.765869100347286
-6.554512885338493,-7.777640079676425
0.17457033205740444,7.692867401444873
-9.431707846462325,-6.344640192930932
4.180707310803015,9.527232339662449
-1.8956869057179073,-2.114915315655718
-5.440568291950993,-7.493607466149412
-0.6590873680224467,1.1288453822087954
5.662409498924411,6.923645893663645
-4.313373671479766,-4.030228049316623
0.5961489113724883,4.784206696469526
-9.044504844571915,-6.923019780060722
2.505987476192316,9.631074160483848
-7.541069415838906,-7.844957624499386
5.0130148833924,9.075363056956483
-1.7557910534386694,3.225103245890429
-9.257748498998707,-6.023811331672151
-2.7368870276411252,-4.096547106788909
1.0677210333708307,8.8254166998392
5.573568766791988,8.07872125083948
-4.075426241699415,-6.145189588130844
-0.10280985389830281,7.215176234578847
-6.868262103066051,-7.827995558582313
3.861962151247988,9.625641241543056
-0.9875221060454952,0.14782263618662306
-8.610552328194292,-7.369379577954169
5.055062898968871,6.877716868379267
-3.7593405511268703,-2.5975967825354673
-1.0887023968554297,5.049758012385606
-5.693251527279417,-7.618631645714
1.7786589049239427,9.336631478269863
-9.372851125714178,-6.47622353377232
5.374659809408619,8.647881950972842
-3.079905891511444,-0.5217684087126724
-3.3616612035735924,-5.249368918952082
4.466951695962302,9.408288327171192
-8.772699576868447,-6.044365376851428
0.18856255372990222,3.642057449682233
5.667974964719373,7.436343098103081
-4.7175483896101955,-6.880562090358381
0.45916448007368427,8.125421551707289
-7.761296459921875,-7.755280275178766
-2.4620896131805714,1.2718496724599424
3.2009185675266845,9.714995660910558
-9.452069234018035,-6.222682231450544
-1.6249527105703827,-1.4771327333691298
-0.6110897803500367,6.2252899114734355
-6.256335813646381,-7.747406009919246
5.342300274335385,6.826510398656362
-4.8795265294765375,-5.296938455239974
2.319072184655815,9.575868988919188
-8.921361276359542,-7.060211381169648
-0.4269380236143417,1.876548178654442
5.437382932623595,8.51969736135812
-2.183906921902906,-2.7876373433995183
-7.351336895700272,-7.888119969699605
1.2142910025490774,6.462422234210645
4.617531840190501,9.332988502455915
-5.195785534790281,-7.325179847901972
-1.5556024294861692,3.770262034513294
-9.358123427480994,-6.066137563657537
5.685389547343538,7.035650273655882
1.2395900715933776,8.973120744504822
-2.887488728052321,-4.436184575971241
-8.267404475636075,-7.54653733580191
3.6893891823881675,9.664145626950136
-1.9896623672807692,2.585455657171628
-9.167657766281176,-6.7751011855816765
4.570950346952418,6.952754579030166
-3.8850786281778267,-5.9148201079812655
0.3188249942394881,7.9200914951814525
-1.4550434175644908,-1.0669067199321631
-5.961139085395703,-6.498141091413207
5.603941918613807,7.921751826987092
2.7249985217629695,9.67797426398316
-9.10471004534807,-5.99749684874748
-3.978990597107633,-3.2248787226409883
-0.9670622022446015,5.385394951858475
5.117331806424232,8.983183254173262
-7.011413440105444,-7.859471555662097
-0.8262414228424287,0.6136689465236657
1.612361523864555,9.238688549952132
-4.569081114566559,-6.7197907035291236
5.6099741684201545,6.853248205430269
-8.528321869779797,-7.438675168061668
-3.2418607127787205,-1.0107306213644485
-0.23567256753374194,6.969807728583525
-5.8360185300048215,-7.668204803609164
4.040020414273685,9.57501267180468
-9.32794732973742,-6.552396405886597
-2.564513077738744,-3.688163645170584
5.651304595687549,7.590719239555052
0.3811292091954391,4.171635952541985
-7.8754056902314655,-7.70088143635246
0.8889803864126545,8.650759982865353
-2.621812270003262,0.8179920257089188
4.891588073520526,9.166629890609133
-3.213850769393697,-5.034760328909754
-9.44801244795063,-6.280211526788721
3.343607397937006,9.709221072051957
-5.316336295045494,-7.413840722519489
-1.225865149813275,4.671039793810128
5.5360738979416775,8.233713436787417
-8.37860266100398,-6.7274305068454385
-2.032883723792999,-2.434967094797472
1.9541234464071024,9.427390474574496
-6.408537702125835,-7.762721490330729
0.8731302443449084,5.5792057606471746
-2.3131632380994476,1.6900542007818224
5.680103100059585,7.2970614611132625
-8.848366530278746,-7.137618795417145
-4.235009270184965,-6.335497655735677
5.298498435884485,8.771224518302512
0.040317978184749775,7.46791297616467
-9.398908862385564,-6.097974066895793
-1.1332021140329125,-0.24900306988966542
3.0439477910903268,9.712458402680316
-7.446225509403948,-7.871688361961061
-3.5850957938836823,-2.0666171014578505
4.834580313494233,6.918051288906945
-3.5244323955279655,-5.465646586758336
0.6077760464690986,8.324847543118704
-0.026708177271054713,3.0586787750465403
-9.1107442590809,-6.845088725413713
4.330931372421943,9.468541099781326
-4.854116692555763,-7.020455358363229
-1.8673583649202792,2.9205262818856648
5.568888236535214,6.83192459902332
-8.142636152800948,-7.581063276907054
-0.7187550656847597,5.994816886133252
-4.543865122172184,-4.561839428054462
2.6114601354301965,9.656044533998204
-9.017522424916319,-5.993079370726281
-1.755451350731734,-1.7862203045599678
5.339168005489724,8.708946420825068
-6.714187299217138,-7.799156340710832
-0.5403589892436704,1.5103402476920302
1.5147928149924685,9.175607964175647
-5.568082331145675,-7.562892424146631
4.286193716156635,6.961978535129911
-9.406837266593575,-6.408110382795236
-2.932859017693593,-0.08490979613806598
4.690220544526476,9.292997324862402
-2.6537461338116395,-3.900667625016704
-0.4855522405572242,6.482865235433042
-8.687896061634223,-7.297970901585047
5.688159342804249,7.104066496559822
-7.647653161776502,-7.8052787046631735
3.7732156774451844,9.64675101608431
-1.4544252304693337,4.0458037950022945
-5.334133345683766,-5.913660871652147
0.9798713484328515,8.74247438832924
-2.2989606923110326,-3.0577572964584654
-9.19436192755967,-6.0092852584666
5.555798287137616,8.156650129771757
-6.113859293974035,-7.7290184117379495
2.2186772130580974,9.54040703447909
-0.30573387476203384,2.2564122074556816
-3.1253364859633934,-4.892493603642147
5.227487993255085,6.844876719452517
-9.22170454308538,-6.705242835557127
0.24658837014617985,7.808273185595652
-5.079280688384574,-7.229578706427909
4.957687389283372,9.118722346517727
-2.70630166855281,0.5753869871033853
-8.367765253001863,-7.529310987382301
5.640601657222324,7.677319199780716
-4.12581369550133,-3.5990717969824053
