-2.1969661394650637,-3.2193009003789257
3.825973966921834,-1.1188889170347929
-2.750774380953054,-5.212933104859295
1.4101942681184585,-0.13868985190287939
3.961384485514172,-2.4370491925401394
-0.7433706103705631,-1.5382925465125747
-2.604413591452083,-4.4804796725794755
2.9914399311881454,-0.19609539233454665
2.183252010048401,-2.4260584880935747
-1.5672432579855917,-2.4154226894497253
4.008471823001626,-1.9053860925759143
-2.5663712802496184,-4.990957950683979
0.4162262415513675,-0.5794645325531333
2.3255873441223556,-0.05342714376310102
-1.9379333115697996,-4.109937415451765
3.5448446574935044,-0.5945292920726275
-2.4431215548506917,-3.846915761762134
3.486528096133807,-2.434360698983164
-0.19376816448255413,-1.045844015390238
-2.747804588775492,-5.095971838064987
4.037514172560403,-2.2356512072585035
-0.8205715236890186,-2.8323956070374954
1.8705019386475927,-0.06088226543479436
-2.67420452581462,-4.7696032190785065
3.3122655945996025,-0.3735517917032752
-1.9113585707398357,-2.820053634981311
2.852574527678833,-2.3839815443145724
0.85858899703956,-0.33209347058405486
3.9314293128152604,-1.4952965479151852
-2.27341812189788,-4.568008950556673
-1.1278004763441283,-1.9241557348340237
-2.707561038379827,-5.182878754423677
2.6828941657447216,-0.10221446135551289
3.8064378799714156,-2.469122673661482
-2.3371353039906526,-3.519249662418103
0.10474123309568255,-0.8030525465325868
3.710217677179706,-0.847277874406402
-1.4421502125040202,-3.496684879176908
0.26176078995408725,-1.937892291626721
-2.7209729862159584,-4.9687149713036165
4.030536981323382,-2.0816792226091003
1.1501492489599114,-0.21514560609426164
-2.5297790122165185,-4.17616532962016
2.4814345208157884,-2.403360790904251
3.1637460206090435,-0.2782031800273233
-1.3497613786380291,-2.167083691065607
-2.7590889979137447,-5.183374547989663
3.885402823166758,-1.3109430006032183
-0.47667084853383507,-1.2925737327962101
4.015691299255569,-2.3677634047387404
-2.4241135905788593,-4.784106293055733
2.0987744791184486,-0.04827847109845015
-2.0674398349590444,-3.0203086013166103
3.2102776618443296,-2.4014579391509163
0.6374043472964047,-0.44493816214132004
-1.729777504389491,-3.843195548545394
3.62966591667168,-0.7098695564680636
-2.6493937745499876,-5.108660947297228
1.6448297833105539,-0.09020439530632342
3.975651582846771,-1.710368972108995
-1.7380083767174814,-2.614013316179767
-2.567273129891852,-4.327927205093329
2.8325997435586605,-0.14058846800682948
-0.9264286798716811,-1.7165737708455222
3.6840352470712396,-2.4602601992542303
-2.7345192738047577,-5.208491275635976
2.0368122177998442,-2.2614806836993244
3.4336623471518157,-0.4750733899334608
-2.3935568194815224,-3.681607020443115
0.2517946235190926,-0.6929526825820514
-0.40120106389717547,-2.4394682315591814
3.905473233523873,-2.460336524583624
-2.645521697005315,-4.650403990175341
2.4959426270175125,-0.0699203043652256
-2.1159697211948334,-4.348771678290307
3.776898740935624,-0.9902347829177044
-1.149998175711578,-3.170525926280007
1.0114393060415494,-0.26645260026179135
-2.735713300688056,-5.035686971684048
4.032152041993716,-2.303418055852107
-0.33670014153745476,-1.1688029619976639
3.9547188149885866,-1.603235048339872
-2.2691612732447237,-3.358191086761485
1.4385596734274435,-1.6580659188156734
-2.5043960529921487,-4.900887590614122
3.0818812501776014,-0.23593714442433297
-1.2421478390260126,-2.0476113219891796
3.0344648301870722,-2.3886416808745627
-2.488654695138889,-4.014913896432096
1.984556166294991,-0.052420822408210235
-2.7565583556097635,-5.150726704090715
4.021099572127717,-1.9967958993144284
-0.04080170001820481,-0.9186772982573648
3.4920641200034273,-0.5340413170663391
-1.9914777413532314,-2.919767067083816
1.2940712096452018,-0.16976492987226346
-2.6981712932353195,-4.870318229426543
3.857946461025483,-1.216545866336845
2.3155723426891237,-2.4208776063970068
-1.4701700278088516,-2.3037152792988063
3.9929468703854347,-2.407945860208056
-2.7569166101399802,-5.204435577817916
2.58671736853146,-0.0836095213728679
-1.5994163327469701,-3.68299034939171
-0.6198497804395029,-1.422705509555576
-2.34641514697963,-4.672019566707703
3.6727204305022063,-0.7792773366121429
0.5345356165814696,-0.5048229871058458
3.5894742807286497,-2.4484360948756336
-2.4662520805276813,-3.930588468918511
1.7466091342099177,-0.07490990258112633
-2.6141869960229847,-5.059528771636826
3.9933226430982818,-1.810131544265703
-0.12969898743039102,-2.209582519237303
3.244816396764209,-0.3269032102495292
-2.1404126615843038,-3.1265403209114724
2.6657173986893623,-2.389019391372302
-2.6243649363022867,-4.562852918256162
2.223186450702411,-0.048835756972565494
-1.020437894160486,-1.8119030646482355
4.036636542128912,-2.1670591295242483
-2.684079589200196,-5.1546074346988355
0.7543450999870634,-0.3825894746282361
-1.816497887199747,-2.7063549376589515
3.9091030406389287,-1.4014362216030885
-2.030667742486431,-4.233115073167212
2.9078282925539174,-0.16478101613828075
3.859295965006655,-2.467497802184346
-0.9926187977478019,-3.0052665019507327
1.5187692839688005,-0.11392465315414772
-2.7434606739001666,-5.213082480534621
2.0954032355602594,-2.3905862312004786
-2.365471723536208,-3.597309264902792
3.7471959456767023,-0.9226246667124693
-0.11696998295449096,-0.9813631476543272
-2.5847560175470328,-4.399563365080488
3.3565649337836327,-2.417390477570231
3.37572222474166,-0.4234652832277918
-2.709824545104233,-4.920115319211665
-0.829115687116675,-1.6206654412069705
0.7849258679679909,-1.704358458502758
4.025512951077256,-2.337220665437111
-1.652035038362502,-2.5137319347957114
2.411316831530266,-0.060290845540098115
-2.199787167283525,-4.464574635715703
0.33119122093227965,-0.6367956903033947
-2.752816485726942,-5.124740490061074
3.8042156813113213,-1.0589715008626028
-2.300871555722145,-3.429047675998309
3.748626622744246,-2.4663957929699225
1.082439055314974,-0.23923641456929126
-1.3095792734102565,-3.345499351728281
3.5875964670735376,-0.6495188062928923
-2.4671177342129953,-4.846593469677502
2.757499556305332,-0.11981270509489719
4.01515773010987,-1.9518519378520145
-2.5109921390160537,-4.10163015304514
-0.544809191321651,-1.3540317400085955
1.929040419670182,-1.9951996981231914
-2.7213221194347694,-5.197362880572776
3.965338875389855,-1.656272700698763
-0.6181307606639684,-2.6381173907526687
1.8097368694327374,-0.06713424648906104
-1.8335119099872,-3.9744410341902974
3.9377409105419248,-2.449756905724789
-2.6611686834972685,-4.715324891483465
0.17233825918257809,-0.751517486135777
3.2039611392461613,-0.301435820348506
-1.4084450324209323,-2.233346915599408
3.1208431801927214,-2.393983238677373
-2.2313460338884847,-3.28202726153432
0.9285866880606558,-0.30081612448705014
-2.7418041761536753,-5.065068494561953
3.872045031385051,-1.2637035018545004
2.1624020314559647,-0.047890714139504284
-2.4197506680406327,-3.766435058606386
4.034401223485287,-2.12830835418268
-2.5905792553664324,-5.0258473076647805
-0.2728428700518965,-1.113424065420333
2.5718074714626185,-2.395270800554752
-1.8656923209336542,-2.7649161245927014
3.4634095278720514,-0.5041561719819926
-2.758621926719792,-5.195390855941495
1.3530158330000428,-0.15338779574715403
4.035830894332832,-2.2699270896143835
-1.1826067581140662,-1.9828429368266578
-2.549717970332338,-4.256474371598653
3.034073560471775,-0.21404891188457092
3.9421750090909367,-1.5437460998945551
-2.3835833708266683,-4.725481927791702
0.4805494721430102,-0.5381271902101165
-2.1033391976646705,-3.071055793197261
3.424601808965475,-2.4260424037449093
2.6338757993222908,-0.09218189761778567
-2.6867259754735753,-4.822018342469014
0.05102782623109817,-2.074247990504252
3.72869110096957,-0.8837940181220506
-1.5239186064387678,-3.5926050448332063
2.242857717697808,-2.426535686106789
-2.6680384761665996,-5.1337907771112485
