-15.178761577458843, 6.3983407236692775
-3.4505910025704969, 5.6480701772138966
-8.6628507921158597, 3.9111256338711282
-12.228604740121535, 6.7332181383451353
-4.9073409933198935, 3.66452754228035
-15.039634083259742, 7.3308653872360416
-3.9106980657973676, 4.6681279749143973
-11.014608360715473, 4.8619031163370074
-6.6181022098764863, 3.3643790294568507
-13.942658266678738, 7.1560763307279327
-6.8333274226653824, 5.3436727405443571
-13.538615101338742, 5.8750238181251175
-3.8943771719485891, 5.5178100185809447
-9.8102572038389884, 6.0655105241290483
-15.1033734867605, 6.9127071857852807
-4.3794166233738228, 4.0875818212901533
-7.6121244982678391, 3.5625999461268609
-14.526240773746547, 6.2033447677068629
-3.5557981601746356, 5.4017759921666872
-12.14108379407544, 5.3323565074316432
-5.6927013129519892, 3.3995244951099934
-14.718744411717417, 7.2907636183480857
-8.5137063388713869, 5.7134688102290321
-4.7959385637067768, 5.2660613559543181
-13.115233843930978, 6.9878414220285272
-9.8494122891009646, 4.3731933940368446
-15.218598906886104, 6.5325245580544777
-3.7277359279044013, 5.049244102253958
-11.100509227047004, 6.4358835337914542
-5.276905412400053, 3.5016644778509161
-15.112014149077723, 7.215598919253261
-3.531140702498595, 5.6645754700779669
-12.871690056122636, 5.5977165690310322
-5.9091094559387471, 5.2362490138692674
-8.1216806140280351, 3.7186012173333367
-14.934640108156369, 6.3127670955286623
-4.1348999630080332, 4.3664933038305831
-10.450052467339104, 6.2539186285247599
-14.33575712075007, 7.2295749262071816
-6.1708021008805769, 3.3440132659843176
-3.4841176324420049, 5.5494783072620262
-14.070130991817507, 6.0570061228668219
-9.3116332952374492, 4.1519447078844873
-4.6222588504552924, 3.8535025685118338
-14.930929096594227, 7.3379142778842992
-7.7316538836168114, 5.5097486981274439
-11.581976867831443, 5.0905875074739679
-4.2741324484303513, 5.40285902641173
-15.156765728998991, 6.6629242498213994
-7.0737857944510285, 3.4366789346817033
-12.696740488725219, 6.8668168452515799
-3.8137929970635298, 4.8576763685548983
-10.430458630537174, 4.6164284121242556
-13.549980948081567, 7.0770035812448224
-3.4650196279741685, 5.6759561237339451
-15.223458639842889, 6.4517926822160483
-5.9202918947365095, 3.3622704137206121
-9.144692351686686, 5.8683494944687773
-11.659989621526993, 6.5959726613717518
-5.3435252149251591, 5.2126715331489422
-15.09138806385527, 7.2864610717346467
-3.6342855174446704, 5.2445164022733204
-13.201672250293937, 5.7318754857520409
-5.07982337124667, 3.5781027905114744
-8.9744852996407989, 4.0228389548796049
-14.751295957214538, 6.2719138883072167
-4.2529256767387604, 4.2300599038328714
-15.111344492448811, 7.0830073556459565
-7.3367055416472109, 3.4931473431539501
-3.6685888012280889, 5.6085519621949089
-12.483343515084357, 5.468505079727664
-7.2804841331065155, 5.4170405533617529
-14.522148841301821, 7.2520012772854763
-10.135056880420745, 6.1691612744421738
-4.0097330808205642, 4.5235501690838777
-15.083960728084044, 6.3529169480874987
-6.399254306789377, 3.3465614484251631
-10.722052835872917, 4.7413204210933664
-3.4613793655001572, 5.6047681060603622
-13.339991697038439, 7.0412240121368201
-4.7500896856484855, 3.7605530654197032
-14.28757175846069, 6.1189880998445503
-6.3556762338300388, 5.2812969600925648
-11.389516968173563, 6.5270338622166495
-8.3655939904818055, 3.8041708873844033
-14.849216160384294, 7.3228656669593404
-4.0729377178010511, 5.457585368040303
-5.4762017668391643, 3.4473294922375413
-15.117073450111739, 6.7806572224016026
-8.182275732954535, 5.6261700599979996
-11.844252230552291, 5.2021065650092018
-3.5195740308172194, 5.4746820983468236
-14.129628943817899, 7.1986062422959343
-4.4920544596516008, 3.9676720426480649
-10.104258186097738, 4.4796985550553519
-13.797661197539639, 5.9737799379563183
-6.8475489745918203, 3.3960814050997215
-4.5278116422384009, 5.3426075271277611
-15.11461079911173, 7.1594803169645713
-11.977646502165415, 6.6700210632467085
-3.6822556756501603, 5.1458845882904649
-15.228650815523718, 6.4870605360695324
-7.8607360832435162, 3.6343516782117966
-9.4560915251304696, 5.951735381951333
-3.4895966488649695, 5.6760703687152079
-12.900923838918139, 6.9275307108281714
-5.6199930826590316, 5.2180009911050877
-14.99785696624701, 7.340071331401143
-9.5646268571919055, 4.2546426543058953
-3.8622357237239866, 4.7549459172359185
-15.016121392437249, 6.3324716305602458
-5.1782232600576776, 3.5369799798329158
-11.312492915684517, 4.9806321597215515
-13.76083145480743, 7.1119140118965865
-6.0412268594498553, 3.3505727329951984
-10.774694288084824, 6.336518249647102
-3.7613537745316288, 5.5696862033252499
-13.038605264223751, 5.663429940612362
-4.0739198883390291, 4.44081811022944
-15.192271320830447, 6.5907763428156594
-8.7955553845563408, 5.7835872291137749
-6.5978042159051977, 5.3109524080108619
-15.071507814778045, 7.3114503174955718
-4.5563591887328112, 3.9082838800585105
-14.408069680666465, 6.1599119143215972
-7.4706540087917208, 3.5256062239836741
-3.4529851839805366, 5.6659986193476737
-12.46272041738488, 6.7979734892785277
-9.1332273177493022, 4.0823215368217181
-14.622781363938273, 7.2692469142817364
-5.5848421760237965, 3.4228736333697771
-3.5947803816010468, 5.32400229068669
-12.664360382913756, 5.5257900983283026
-15.141993382445619, 6.3767115581288367
-5.050691175117846, 5.2265373715790684
-7.9518813786297642, 5.5648085550827391
-15.106134286233527, 7.0052807891915734
-3.7731060889481292, 4.9492057900713302
-10.277275508610311, 4.5519437042101432
-6.7277069543954457, 3.3781121365837539
-13.396249735413416, 5.8153126996209474
-4.8291762834877989, 3.7100308791325549
-14.231334965591881, 7.2159050851587487
-3.5891714743723346, 5.6421089662434856
-10.93961068529622, 6.3840981920661379
-8.5104725232143554, 3.8564813538634919
-14.653121182417411, 6.2455550009724305
-4.3131171804518571, 4.1623355322005429
-11.988239981712596, 5.2650801084095491
-15.104768250120024, 7.2538036429265116
-6.2893624030899176, 3.3431612281400653
-4.3955494601810781, 5.3747139253239204
-9.9729722176591835, 6.1192724253115145
-15.20786096455009, 6.424936631421569
-7.0731281906968402, 5.3815289653436738
-3.5001915625497171, 5.5147907240392691
-13.23251481303393, 7.0174166059000003
-11.160044638240802, 4.91983854151621
-3.9575789539800974, 4.596035931563252
-13.938998776950715, 6.0194820863203482
-5.3740798102931056, 3.4726335030477617
-14.794910773289388, 7.3097982688529752
-7.9858722010530681, 3.6736601739802133
-11.817495862158751, 6.6324496682121099
-3.4541029340024592, 5.6281658672232204
-9.7020096232577853, 4.3116312827508105
-15.107009703115462, 6.8447143206311267
-6.1130098531879167, 5.2547987478145295
-4.989945329007953, 3.6208195121989419
-14.029276996912031, 7.1772133890859617
-7.1911517423623028, 3.4606979841415608
-14.854699023733865, 6.2953430749664507
-3.9760850503919789, 5.4888478770704268
-8.9760462810131987, 5.8271681071002872
-12.317251659074717, 5.4072180959591076
-4.1925714909414911, 4.2988881014374742
-14.968075394607908, 7.3408686719647482
-5.812117955829315, 3.3775118159680062
-12.582474579655187, 6.8328664441132458
-3.6587216181839235, 5.1946318223712016
-10.589732874665817, 4.6845526112163709
-15.207699932254531, 6.5589519054627061
-7.5163043702477257, 5.4621517783468061
-3.5573781904730906, 5.6548795921586406
-13.668177792619062, 5.9265183553280476
-8.8191245775142821, 3.9666843075498264
-4.4368962212387366, 4.0241337558369263
-15.113703944159347, 7.1249983012200877
-10.595071368464987, 6.2900870429009226
-6.5079511852272844, 3.353673191077096
-13.651282186501358, 7.0918592800577178
-3.8373992299832844, 4.8059489040253141
-14.433196975783659, 7.2406355782411964
-5.193621751579605, 5.2166313391922783
-11.459081841163625, 5.0399227906494648
-7.735306543294584, 3.597082211318158
-15.115184966576802, 6.3646620243802943
-3.4753326664357136, 5.6773370493194637
-9.6203915237086264, 6.0024239083083595
-4.6883173920450574, 3.8035430063763389
