-19.35850883249995,49.18024059227148
-33.53856126631275,19.957086895608583
-24.889996632955512,33.545746150180165
-24.655300089833318,43.77762471137545
-29.113392691604737,22.369926382786755
-18.48366328409947,47.356614296349406
-30.97227673889509,19.316642983100884
-29.690045926451617,30.241730530749123
-22.303981540830826,47.14206203865799
-26.910293257128973,38.39732139340849
-31.586000427160467,24.512745002968046
-22.15596052182513,41.12441828115431
-32.96451422831219,21.22989006096709
-20.487166765643508,48.6807661843885
-27.03933854865535,27.317740591375916
-28.262527559633988,34.49017237887292
-19.971279685317555,45.74691179483915
-31.81940742929533,19.647057347078885
-18.893463706211353,48.34546760548588
-28.119421916799798,24.662436549481313
-25.843259938518077,41.167451600936275
-30.275683105633842,20.325220692603846
-23.61340033525446,37.16440177822605
-23.36794834529091,45.78819707712226
-33.3876825563692,20.318315468100437
-25.950024148321678,30.192759159574443
-19.733014916755067,49.17517284220356
-30.70260610791297,27.10636432732459
-21.19084845266994,43.635872344491446
-32.378902012901186,22.531972583888653
-18.511446406415683,47.74445413323721
-30.679465071215784,19.604484658948348
-27.562919141109436,36.46330454438602
-21.411744670635596,48.020882003949524
-29.084420136564805,32.10541934979208
-32.825520736310104,19.98553311239732
-22.870892878691713,39.259884136485965
-28.62209583850503,23.449117494198653
-19.166256381410978,48.87109775521393
-25.217803065782096,42.6137819687079
-29.7445397413766,21.230448539871567
-25.45286231378988,31.749512671904334
-19.081132853511786,46.74430508344513
-33.371453961511286,19.969968065607166
-23.96393567573042,44.933471259698265
-30.24524705197771,28.514963226415855
-31.29776517905759,19.364472363042637
-20.067227276956277,48.959542655758895
-24.20174667780676,35.43002029046289
-27.556674950987357,26.045936249034323
-22.7776012571579,46.572515886091836
-31.983165021959696,23.455785855755565
-26.3872470982583,39.805036312128635
-18.682613222411796,48.00428997733224
-32.301807815753214,19.863315437608954
-26.453273807414025,28.80123960192641
-21.651289327633386,42.446697377633754
-20.984900231203213,48.347002531728435
-31.15333870744465,25.753336629858495
-28.663553738413555,33.358830909266814
-33.19064966676235,20.711827438059643
-19.50535525157478,49.251198673644545
-30.500246513122192,19.914266991680275
-20.600859241140867,44.81897220507439
-27.242349470270074,37.44237859862781
-29.417416337247058,21.791460255925962
-18.694838880610202,47.11741482120939
-23.25152380981816,38.21212257652766
-33.5311703017057,20.045417759395747
-21.87969871011341,47.59437744836352
-29.959004295763553,29.40494084062734
-25.5194236865702,41.9330238880077
-31.11573966552403,19.305950981912304
-25.185298189648588,32.628034987007865
-19.052730532096138,48.64385813349537
-32.69617505125192,21.893647590629172
-24.313374899182406,44.387745564954386
-27.843611044116052,25.340710038131817
-27.908763350715333,35.42101716364472
-18.42929701665284,47.538464340336624
-30.023104843541002,20.76570646957358
-26.73408868007933,28.0795409927369
-23.06917638626801,46.193954129076616
-33.146186990102024,19.994339944343764
-22.495455793824515,40.24901972242326
-19.607704463170727,49.2334673312667
-31.364818298411333,25.137919487175786
-24.506032249907364,34.605984373755454
-31.532951930987394,19.487806744771355
-19.52173361727531,46.284990736864245
-29.3734782512827,31.221559883031404
-20.73518783373337,48.517748825318556
-28.849413165670782,22.93005485224146
-26.135295854157643,40.44804871271326
-30.821342873961683,19.418176049407844
-19.26721173963759,49.05758909155655
-30.494060859643433,27.74559684674497
-24.923022185402377,43.24394700827358
-33.47650998175932,20.152722120937675
-23.893840671683122,36.32802406912351
-20.91236622698447,44.244944589239516
-32.17934184503436,22.977217436564
-25.727619035261437,30.866630077816318
-21.653034566129428,47.810638230571186
-28.372810610042738,24.04389985259485
-18.455008212371627,47.636602315908064
-32.84430260856744,21.532744625387323
-26.67255623002987,39.050238004787445
-23.668830883427745,45.36423461879037
-32.056209454813626,19.764086785712717
-19.901115089922214,49.07093631746036
-28.86999461140366,32.75028108722135
-27.295437310782948,26.687130910093273
-21.893700503849544,41.804538747311184
-33.551447805215886,19.982652238505047
-18.792893712599486,48.17601366293489
-26.200537567336877,29.480057682315888
-30.3942546838866,20.109176534102772
-22.519678412915116,46.890355475787885
-30.935550765983805,26.40121892491298
-27.40397328466948,36.95618641678359
-18.877303710532356,46.94161498092232
-29.578309153455475,21.510173992803974
-23.062765997561247,38.73840418154684
-33.09080674275406,20.931203271393866
-19.42590110064767,49.230965263341794
-28.450248574569205,33.97058823119346
-30.896135803022023,19.354714984673723
-20.280475645450124,45.32222893953805
-25.674009984177175,41.57185070140409
-31.777746035154035,23.990144128931178
-20.280084797718974,48.81691626763621
-29.54119296441806,30.703528153908053
-32.58165619274842,19.94457748817452
-21.43763371599561,43.01574255785657
-24.702620970866445,34.07819732510609
-21.204109336153337,48.18613733017946
-28.979972543494473,22.6465066939125
-24.48248765308669,44.096964083447396
-33.47346641999111,19.95479907481982
-26.887253023721392,27.695253498165492
-18.557910301898897,47.260318501742866
-31.40515914908843,19.417548337839477
-27.062969915079517,37.9650237845602
-19.112184716445974,48.762756098780024
-27.983190783115884,24.997276681998912
-23.452513779562423,37.63625479006332
-32.54626518465917,22.195541965759347
-22.097536561667155,47.369608842712424
-30.10804678013765,28.941169194476924
-30.59925042774328,19.73716334774749
-25.0703640289586,42.93380334997086
-18.59409243826934,47.87226507495392
-25.5831570278941,31.32515094004804
-33.300745314656,20.4861077412001
-23.516632470655214,45.58049216925476
-28.072298379607997,34.99508245825503
-19.312140500298558,49.12523977516584
-29.894682754217822,20.981050413883136
-22.333858070942355,40.6665131926852
-30.823081147884114,26.740315712806357
-19.31979362343649,46.502460292258334
-31.19485585565792,19.3244952184355
-24.052352630336667,35.85891988257717
-28.49761243443986,23.74365608282812
-19.81368537441644,49.12720865438613
-26.522529332116868,39.45082504598689
-33.00733734129564,19.996968039252316
-29.223112026247726,31.68304933071495
-22.918873788747224,46.39145283062973
-31.47787632900158,24.81570227591194
-18.438100830240096,47.45192793062253
-26.322361176654386,29.14857744562154
-30.159361715186478,20.531522674669297
-20.858183958343233,48.43493589396863
-25.996144759041236,40.79424901419768
-33.43816189535217,20.223980516224174
-24.1319871976182,44.67816265532797
-25.05632679935395,33.03963510703092
-29.265579224229487,22.071643793342552
-18.974871184210976,48.49348218667917
-27.43293584817403,26.349634977707197
-22.6803586220955,39.76619072231039
-31.68008868578639,19.5708742031105
-19.76394152344796,46.005330531744605
-27.72693197308236,35.9474550485523
-32.772955940648394,21.713081809635145
-19.554644809327716,49.24741780892498
-30.376142278715715,28.109496614427115
-21.314751745841768,43.33255291574801
-30.753497771152983,19.497654433026398
-21.539924333907674,47.911729704596794
-33.51355218510126,19.952277648447367
-25.326886989903052,32.16445730209166
-25.366743966508462,42.281749132049875
-31.882279184040566,23.714507147264275
-20.175285641871742,48.886798693857926
-29.81750602153481,29.845376571717154
-23.752981821691034,36.749113570334416
-28.247968510288196,24.347596563280682
