1.2631499701222397, 4.6332618652488211
1.9749420364621408, 5.8665916274902603
1.5142348323981449, 4.2444010876760867
1.574056670675412, 5.7594133379479482
1.9045104668551043, 4.9037283928469186
1.1916957253320934, 4.3804560878486694
2.0318345320554725, 5.5635189484334537
1.4732311373136544, 5.2509726527051379
1.6907821024082228, 4.4823716309016319
1.7876404227909055, 5.8859520687284297
1.347007670072002, 4.2890880930345086
2.051288215060616, 5.7674833123852336
1.9526000061037045, 5.2000028266923382
1.3655362829287732, 4.9012415183810507
1.6582867214127883, 5.8361018478823912
1.586401358615483, 4.3267444852166177
1.1819870471649789, 4.4500018289690155
1.5452459139141261, 5.5556630792536241
1.8375548140910425, 4.7169989385868387
1.8972767621960624, 5.8927574532156468
1.4374088039635697, 4.2550520270338641
1.9997615574836951, 5.404137570420315
1.2514461825035548, 4.3357947522916129
2.0274945966179123, 5.821953911852555
1.4212354411263262, 5.0776297374504358
1.7630587661068469, 4.6034951044349119
1.5592528582239038, 5.68526398767857
2.0487222481756207, 5.6763108414132359
1.2162257391546611, 4.5245733307241061
1.9243996797981098, 5.0385449133313376
1.5447920517835849, 4.2733221493852556
1.7237988562913715, 5.8662812029410212
1.313440356144248, 4.7609985871259619
1.8485927108365829, 5.8946877775930622
1.6388503026850283, 4.4002261545476848
1.5197825782191536, 5.406457382869263
1.1765337964508154, 4.4083799886220287
1.9777179292476208, 5.3125879250386712
1.6070194210462214, 5.8022814984636071
1.8803607046005191, 4.7990486647425845
1.3009725358347346, 4.3098757685930531
2.0039569974698321, 5.8462066840682096
1.4796858849825365, 4.2437106491586212
2.0530302649495922, 5.7242462422166991
1.394926251517524, 4.9907582194654259
2.0182970529744786, 5.4892879245853052
1.2174572189603405, 4.3576530901800536
1.9340157409773935, 5.8845728526543928
1.7264230092222237, 4.5427708435137788
1.5531560645719269, 5.6262611230598534
1.395291317772632, 4.2697621728362503
1.9143119558271855, 4.9695417373779671
1.6904866592710819, 5.8522465623048632
1.239763625093703, 4.5769431609440465
1.4501864128029121, 5.1755336841546988
1.6114933433257128, 4.3608363855125925
2.0429043725609768, 5.7965316396456634
1.8055797930144735, 4.6686783143944979
1.5874934268526295, 5.7824433918538851
1.1760075319185943, 4.4277039464320831
2.0407727968466474, 5.6192355600910098
1.5281056636305383, 4.254290550184165
1.8182793460912188, 5.8917115774225985
1.9382523666071731, 5.1240202881747781
1.290551116470801, 4.7024039069988621
1.533938876624261, 5.4767352496752268
1.2763865111632349, 4.3221532035428725
1.9547910067015546, 5.8767782187309683
1.8930021043171477, 4.8424982298932493
1.4596626689124792, 4.2484311183427659
1.564879540575365, 5.7262368602451073
1.3411916805072692, 4.833610878705529
2.009351925823299, 5.4463528520968953
1.6652361123132915, 4.44076986842368
1.7560043703768407, 5.8774242342197871
1.1958679931911924, 4.4818886111503264
1.4964516194398019, 5.3243087540715655
2.0531830618734368, 5.747333698296659
1.370966136996667, 4.2791967266317652
1.8612718614121695, 4.7568776923532647
1.8749163121769348, 5.8947706797968973
1.1828548757695652, 4.3925162069057606
1.9651497375935985, 5.258585323064545
1.6315119340702291, 5.8202016788569955
1.5642433339177706, 4.2978644487482605
1.4352492266767056, 5.1251355086434502
2.0164385884200082, 5.8345778347292141
1.4989406883718164, 4.2415934900735133
2.0260469175835554, 5.5303127803224141
1.7830153487716485, 4.6346899278087212
1.2321186811353126, 4.3475837645733337
1.5495976562953564, 5.592901261929077
1.9309417737047314, 5.0804994759014779
1.9159245179590156, 5.8894236433384117
1.2763469296283039, 4.6663273039530377
1.7080893711844367, 4.5115463570720546
2.0453478794501709, 5.6505596174761799
1.3236434834713868, 4.2993238082103193
1.6744189517883343, 5.8445338826094266
1.3807025518342457, 4.946284774175032
1.9882762640912142, 5.3562513231279967
1.2052693975850797, 4.5015295958896315
1.9898246892315454, 5.8571060587776129
1.4179541006687824, 4.261559704523842
1.5688524877447274, 5.7440367966448065
1.899219321699616, 4.8727303727317102
1.508487754183077, 5.3639532958350866
1.6244424816958836, 4.3791627620409654
1.7720145979269808, 5.8820512800350899
1.2025753706982407, 4.3695957399728194
2.0476768252257886, 5.7835499594739765
1.3274031810155917, 4.7971595694292706
1.5362011721280475, 4.2630232530539836
1.5565127165087931, 5.6592329385795104
1.9188707403931404, 5.0011489524798556
2.0514145092998302, 5.7012329926406098
1.1754102325334295, 4.4181028858869791
1.8227993793140189, 4.6944118438365017
1.8335789895077435, 5.8935745601874014
1.4619403410569054, 5.2144536037028546
1.5753753776356816, 4.31225396191026
1.6185524338475448, 5.8112904313916243
1.2290724774057145, 4.5525876855904439
1.946107100381657, 5.1670197959944302
2.0354931637878058, 5.8105305187937795
1.489632265799413, 4.2421615121251044
1.4081938143286195, 5.0339741246579477
2.0363055773920458, 5.5906788774760994
1.2642497163805262, 4.328613884232972
1.7087502096395055, 5.8602580560041755
1.7436674004616362, 4.571828624668405
1.5396375278736552, 5.5134874589917713
1.1874382241853378, 4.4634683082576307
1.9448525120947886, 5.8808237743951004
1.8718788654193366, 4.7782662430491794
1.6531897818543262, 4.4219390387053163
1.9942022704483551, 5.3807575028018286
1.3828504613079471, 4.2745098598091111
1.5954675409248487, 5.7915714911206138
1.3016813444787658, 4.7308343315134067
1.8632445356262752, 5.8950421175289058
1.9092852889578154, 4.9349430456181356
1.1794225034996659, 4.3993114019857025
1.4851955275103161, 5.288834266751155
1.997036600979978, 5.8518023028895527
1.5205486686760152, 4.247911763790416
1.5618604119083241, 5.7068320918747437
1.25172247258555, 4.6052826516199419
2.0221921763536104, 5.509422549144892
1.6789606919352049, 4.4628589958413007
1.740656301170217, 5.8724136862801144
1.312247464675383, 4.3045456681268357
1.9593510425115772, 5.2322499687696364
2.0533491623581237, 5.7364299571191486
1.3543703597671222, 4.8695864372330435
1.4488568462651237, 4.251513311414163
1.5277950791564678, 5.4430629843094147
1.8500032914579327, 4.7370772899004088
1.8032499330803942, 5.8892109255146554
1.2097623308007086, 4.3635387694218171
1.9656416308732785, 5.8716428585939351
1.5986521994169984, 4.3431753847608467
1.6444489312381245, 5.8282288297713292
1.8877706822093381, 4.8220516737807824
1.1783372141233941, 4.4387677947251731
2.0431708593666063, 5.6353110136155857
1.4283825285354523, 5.1018310131288462
1.5541203528801886, 4.2849740584884914
1.5797077764648522, 5.7709139970817809
1.9720021393206182, 5.2884442869191979
1.3574224078574149, 4.2847152977984981
2.0393635061580366, 5.8038134729283062
1.7533465810029216, 4.5877974920562137
1.8875099680052059, 5.893888851522898
1.2413017926927394, 4.3418149323685142
1.387837199734562, 4.9683301826921777
2.0134463880211717, 5.4654840428167581
1.5474879718523333, 5.5743413514046676
1.5065822735607259, 4.242200209528848
1.927679920598617, 5.059928145405423
1.2224942597946391, 4.5380809001130515
2.0219997074004117, 5.8285739111513024
1.7943458442596587, 4.6518698710579951
1.6992882829827558, 5.8562048571669587
1.1872358849595823, 4.3859473195621677
2.0502261657098155, 5.6893837606585578
1.2833457334231166, 4.6840631012990475
1.5141668031994029, 5.3843480766458924
1.4081204012847497, 4.26504436671609
1.9240565602726551, 5.887451267584864
1.6996692523457624, 4.4972822419226466
1.5549644493247821, 5.6439684974446465
1.9117216743888408, 4.9515929884902281
1.2885152075133046, 4.3159746828394434
2.0524002564892614, 5.7588288039815652
1.4435882440392478, 5.1533613776019846
1.4702663015378832, 4.2457309145152395
1.6011600467893619, 5.7971251299345683
1.942104086973349, 5.1455637989538401
1.6315092556165405, 4.3894020692612168
1.7956899353774096, 5.8877144084481969
1.334297150774957, 4.8152627037794824
2.0292608770469225, 5.5484806301129748
1.1914581130127866, 4.4724456845355167
1.9823565184015339, 5.8620955604597782
1.8962611622922056, 4.8574879858212832
1.33509390234023, 4.2942316964377509
1.5667029412483153, 5.7353048656971053
1.9832360845738974, 5.335486110803056
1.5696669534421155, 4.3048472082717284
1.4791217512888046, 5.2696963271245583
1.1968941442979815, 4.3749344160297827
1.9059743491981613, 5.8914011457212734
1.7182549223665387, 4.5288604033592517
1.6660092616098949, 5.8402301981873279
1.2573360466538606, 4.6189326216478577
2.0495684212279519, 5.7763736293892043
1.3727496692989327, 4.9223578397978578
1.5319759855958954, 4.2582889410073417
2.0046309510456966, 5.4251906438277073
1.5422422134490748, 5.5322906436543562
1.8302656878214678, 4.7057326096490186
1.748532899874879, 5.8750541753086036
1.1757244884551086, 4.4133189439948559
1.428129186626893, 4.2580867823547948
2.0385552713982502, 5.6048643603960935
1.4141868313352299, 5.0539248193481141
1.8413540384774261, 5.8942425796949633
1.6051386274170723, 4.3520363352108191
1.9214484951204271, 5.0187669935556087
1.2248727023908159, 4.3524051572082554
2.0105522802200224, 5.840339450898651
1.5605100315647495, 5.6961797965187886
1.8669571255334692, 4.7678824920522729
1.2103021131189593, 4.5120468457966423
1.6251070052229108, 5.8159263432686261
1.6717801954728568, 4.4512209819599056
2.0523679157817578, 5.7128734516400455
1.3195316305278626, 4.776710072340129
1.4943125479981885, 4.2417384045664424
1.9559486118213845, 5.2162339973124894
1.5309828758565085, 5.4598306599804953
1.9600071479690657, 5.8744069857986014
1.257964464078591, 4.3320869974829037
1.7732086740469932, 4.6195315680347333
1.7314897192771224, 5.8691598570782384
1.4564690536533287, 5.1964428568047651
1.1769932343540555, 4.4332800066080944
2.0470454960627706, 5.6630855365000627
1.9021977139522421, 4.8896285968788229
1.5492875958794057, 4.2789004366557446
1.5831552147332502, 5.776459579257998
1.2451544835930928, 4.5895834273149712
2.0317618891702875, 5.8161862040561561
1.3644597754599879, 4.2818242867516974
1.9346619761101604, 5.1030895967637813
1.8566339613692027, 5.8949751315902574
1.5019800815082551, 5.3421179533844825
1.6464336802972317, 4.4116139044149998
2.0159109593760998, 5.4774118993098471
1.2964042478219009, 4.7173421966301357
1.5515281013026263, 5.6107026061921355
1.4649712719446439, 4.2470323530348884
1.7791129147871374, 5.8839003497249536
1.1779276311091, 4.4032761381547276
1.8841107848161822, 4.8099612488900343
2.0454469091589123, 5.7902487209034765
1.4013957244114259, 5.0116462568168112
1.2944777428881804, 4.31302639747007
1.650875852507016, 5.8319668072222566
1.7350329787844263, 4.5573551982148883
2.0340379703025824, 5.5767383495868579
1.51069236184705, 4.2431374201207186
1.9391683302302392, 5.8828732270963879
1.9686350464119062, 5.2739199185325392
1.2002799846015133, 4.4911392481800316
1.571424633591634, 5.7524391393068237
1.3484744571053224, 4.8533261321305554
1.8138086632279802, 4.6809459266032674
1.881264766806795, 5.8944050277903601
1.5918395400163983, 4.3339917479394332
1.9913269996894272, 5.368835541030049
1.2061980104387655, 4.3664620735362094
1.5370358291818005, 5.4959909616825966
1.4017760134011641, 4.2673541191012108
2.0528821079042725, 5.7530518766989687
1.9070447472005592, 4.9200011470256015
1.6827348886525073, 5.8486061939524365
1.2697452372898046, 4.6497090025194412
1.4675929389419362, 5.2328466975563286
1.9933776270771735, 5.8545562059467056
1.5241447214684027, 4.2506731265169817
1.1843217870895326, 4.4560435295789702
1.5578892321515696, 5.6725834311841181
1.8552421718000132, 4.746022658691051
1.8247997916287704, 5.8925923291553044
1.3293660608552966, 4.2967602022728766
1.9490844308184545, 5.1824076002627102
1.6850423401835071, 4.4728463370786793
2.0242251821791122, 5.520318278317224
1.6124489938956541, 5.8066809422461612
1.2368208861062737, 4.3445872678984578
1.360450036100223, 4.8866736098687724
2.0246677711075973, 5.8254573078258574
1.617936726267784, 4.3698870255202067
1.4908410201965496, 5.3065720714244486
1.9166257537742211, 4.9856233290452945
1.4430756200624557, 4.2532693727962796
1.9109947566764149, 5.8904617517829063
1.2340168640795817, 4.563731011812834
1.7162146962409104, 5.8633103089193623
2.0442529121444886, 5.6427964489827778
1.1849137060394588, 4.3892330075934769
1.4391753488262902, 5.1384442184966019
1.5591167620078017, 4.2913118955181595
1.5633505317261052, 5.7171590001564647
2.002226635901478, 5.4147122824591696
1.788522143627554, 4.6430775953111505
2.0532422882176653, 5.7301435841794532
1.2711246446334703, 4.3249171701297628
1.8107832679814033, 5.8905448327063752
1.3077514216650861, 4.7463844882891033
1.8905516631215931, 4.8324050317329457
1.4843034375006399, 4.242899805545747
1.9707905777346144, 5.8689241119486404
1.5238284316429964, 5.4240577920530813
1.1755230267332637, 4.4229718976282166
1.5912086431292194, 5.7869384432924633
1.6591159706787297, 4.431135848096261
1.9327785506933304, 5.0917691909771436
2.04115581397491, 5.8002972874033087
1.388232317587303, 4.272435796030404
1.7639913469780022, 5.8798104789272161
1.3914835493351572, 4.9798033112760365
1.9803053340829144, 5.3233605118933935
1.7132123663141969, 4.5202654835482043
1.5438617735681466, 5.5446621834078504
1.1800446245184364, 4.4444257052054681
2.0495243125793876, 5.6830922183582784
1.5403353585803721, 4.2678991660627821
1.637977060576802, 5.8243046642598069
1.8437316261639927, 4.7267953681845611
1.3070607462762356, 4.3069764989592416
1.9287353807610994, 5.8861642196479966
1.4247291103305473, 5.0894459625921558
1.2193421903360506, 4.531252623834745
2.0074221602828395, 5.8431947685321255
1.5808994516262587, 4.3194816439079764
1.9621777256998001, 5.2452275655375722
1.5765503092045612, 5.7649542741524513
1.2138131455295196, 4.3603759642601796
1.8764238775247153, 4.7888437592536128
2.0278244237194203, 5.540276311566565
1.2798450487871396, 4.6751797411186446
1.8689021696901584, 5.8949739942767998
1.5028450071046677, 4.2417473685104294
1.5540735250781901, 5.6352046235478666
1.7485296439916127, 4.5798882376297563
2.0504747389137741, 5.7721016507090441
1.4231062981658564, 4.2597833689825197
1.9259743057693166, 5.0488935391145233
1.3766348604072554, 4.9339611900294589
1.7039899272733736, 5.8582447909793194
1.1940988995598401, 4.3778101860104091
2.0072745309086537, 5.4369347467959646
1.5053589411193673, 5.3532992790418463
1.3417719850537448, 4.2913296246012624
1.9500509425453765, 5.8787830310737323
1.323662839796657, 4.7874179485532116
2.0396453808982007, 5.6118768640003589
1.6351801799319734, 4.3947904481895579
1.9007446990940935, 4.8811969961085424
1.5485863434274132, 5.5838851753703738
1.2466924857144366, 4.3385748850885042
1.7833762763321594, 5.884949542407921
1.2484361659206047, 4.5973884693212108
2.0519536751312648, 5.7074467567815965
1.5175706347371598, 4.2460434213655303
1.4532613879197649, 5.1857955458914997
1.6701742963163144, 5.8423857470446601
1.7681528126315211, 4.6115901358858995
1.9402656644090626, 5.1353952290049607
1.180836608214864, 4.3962392696785395
1.9859022877671106, 5.8597869859932006
1.454386734119155, 4.2499003653993075
1.5677069442341913, 5.7396136676453704
1.9130048995063484, 4.96046617426056
1.8924288308868837, 5.8933695048545136
1.1936183607333235, 4.4771075479945361
1.6954902232283966, 4.4902487295663063
1.9969039406864195, 5.3920520544152168
1.4049906186172523, 5.0234090870467965
2.0336759031731377, 5.8133685905853572
1.2826289141149174, 4.3189414032009337
1.6039126931171794, 5.7996079009922843
1.5952213582345558, 4.3385353984645221
1.5171308959761447, 5.3957263515591771
1.8181760622751337, 4.6874722134329989
1.8294313099676669, 5.8931401062519138
1.3764863497187425, 4.2770015389127707
