1.2269822008547668, 5.9815093051002917
-0.0044671296011736545, 6.010529121620344
0.72613017833179849, 6.3865901282927302
0.29384565230317494, 5.8303855183117221
1.1388898690055171, 6.273598223104794
0.27903956578962563, 6.2291660275559924
0.93934178280699132, 5.973433772048252
0.089011409893105714, 6.0951393277463435
1.2200969881347337, 6.1279349987849709
0.5141856239832292, 6.3328264260943765
0.96944630186596481, 6.3640387392095077
0.14528477652802083, 5.9344043060806309
1.1539856164992279, 5.9816107327681998
0.41685401754981377, 5.9429200222470779
0.031711188692313916, 5.9845600850886207
1.0647173434078254, 6.3266757756427916
1.2313901012849979, 6.0462474032861619
0.39203630256906757, 6.282348246489609
0.24160687238931122, 5.8719702314611499
0.84214964088601918, 6.385874173032466
0.024585387319165892, 6.0439219903455736
1.1925947802095211, 6.2022998094659076
0.62027758613956729, 6.3677545608977653
1.0366723791645873, 5.991355133467045
0.17420340467412573, 6.1606519154139923
1.2115330571744607, 5.968616911783335
0.33110674273922808, 5.8685448203321222
0.61221656670705205, 6.0857933426089819
0.0044118316965407354, 5.9979898773110696
1.1684054209907766, 6.2405007819724725
0.90645383362884235, 6.3778364141066737
0.088182571377895452, 5.9613077358206557
1.2314767340055206, 6.0119650607154815
0.22692774876515293, 6.1976468261619342
0.67372676563211231, 6.3798040774719009
0.97664309108363334, 5.9819360700220088
0.27422767788303382, 5.8426685631099105
1.1010310066387667, 6.3044348340751108
0.05342604969057782, 6.0670437867545726
1.2273422604642279, 6.0897816317510411
0.45032711341905834, 6.3073943806343751
0.48758005773556617, 5.9994790733179215
0.0024385764110093182, 6.0237009937071226
1.0169493439958479, 6.3485022231630781
1.1900767845117242, 5.972241907225051
0.19425576127039959, 5.9061965312254268
0.78623911991158324, 6.3885566613159597
1.2087558622213612, 6.165658029669042
0.13225892677944345, 6.1289391427438638
0.33450893434584034, 6.2564918843881321
1.0979042812545339, 5.9907325503320621
0.30780538750505465, 5.8422357433347152
0.56858215672950241, 6.3521694036285297
0.055615678174058977, 5.9748172146755074
1.22176499553869, 5.9725348782472585
0.93853737439577278, 6.3716410553492571
0.933335344775718, 6.0009305481882622
-0.0023727790304203947, 6.0041656254720488
1.1811506098443139, 6.2221121436693263
0.37194211473779776, 5.9068669579406201
0.20102475799943953, 6.1799750532090139
1.2299166258044427, 6.0677288549036268
0.75669784831616682, 6.3882856287931569
0.11737749797193126, 5.9482003928018914
1.1201068781255727, 6.2901165257853204
0.71048825956420991, 6.1296164126261257
0.012346295007936901, 6.0334721150749742
1.230139400733699, 5.9961575379189904
0.48104801330595987, 6.3199390023132231
0.25961718889699276, 5.856372028091255
1.0407973031700097, 6.3385126662243527
0.30595558218972074, 6.2430218122291601
1.2150761116908877, 6.1465769421761385
0.10853056493391922, 6.1104761666149718
0.87218355019162042, 6.3827990641249519
1.1272100680466981, 5.9869641214343838
0.01643659589295161, 5.9913226010461491
0.53336019406795909, 6.0405954321026902
1.0041572174433577, 5.9875359831246913
0.28625829884283283, 5.8324224809025838
0.64654183231054374, 6.374275080249137
1.2318241629762232, 6.0283899617027332
0.068437192953376483, 6.0789091561193622
1.1543381034576143, 6.2576130397354648
0.17188509081966208, 5.9198082275507025
0.41818400053121896, 6.2937569238095845
0.99351892149158205, 6.3568172566633159
1.2025681930620438, 5.9693925692146141
-0.0026772856732267519, 6.0166135708459443
0.44833507636522069, 5.9671751545433924
1.201367435216683, 6.1840585699279158
0.2518516710269541, 6.2134810646589154
0.81413165806043297, 6.3877171588163995
0.93285615499602093, 5.9779990489123076
0.21899283834778951, 5.8893830485370628
1.2244491840969205, 6.1074839556979139
0.037447286637602474, 6.0543421604532908
0.59187954804601617, 6.359591234824733
1.0834627118783435, 6.3159142081306978
0.15326424222744597, 6.1450060135649736
1.2178539708196223, 5.9699213505435846
0.34827272869896858, 5.8856613947236198
0.70105199717928368, 6.3839842842993439
0.070333537424137144, 5.968813903968484
1.0680877016708499, 5.9922746437435741
0.36288146086794298, 6.2693683615758564
0.85820018539215892, 6.140938894306224
0.0096980001829424112, 5.9947759363393232
1.2307676543724888, 6.0571594401937707
0.30014661885830374, 5.8340608976221962
0.92287441621892508, 6.3748654174500929
1.1750111300828896, 6.2313742565334316
0.53903827515839542, 6.3419756814506307
0.042530264753750942, 5.9801104149617759
1.1739740571283763, 5.9765759190719239
0.18793366458286012, 6.1706576398280353
1.1294387513859476, 6.2822547276936476
0.3937036736441098, 5.924787358239473
1.2288660624756231, 5.9885057646399744
0.006762989202912335, 6.0282442212516223
0.85734602185797482, 6.3844619969166674
0.95495288130554246, 5.9762905478309296
0.13174970853031034, 5.941269908192691
1.0525611221916882, 6.3329375396623142
0.32000585577309337, 6.2497528633406407
1.2223261257650726, 6.1181288488839565
0.31729820382102697, 5.8533185618853301
0.49730901050253495, 6.3263538150696048
-0.0040068397532311058, 6.0073440850331057
1.2317436514601872, 6.0197288957006077
0.74184833095262626, 6.3876540842406788
0.11978813371576816, 6.119268191491817
1.1971102481991667, 6.1933141195780381
0.23085745378407849, 5.8805230601870315
0.65568806364530385, 6.1062294856220394
0.98169090876384801, 6.3605204104794382
0.077909919973686959, 6.086386463031042
1.2246700800601726, 5.9763272439173463
0.28072183372378517, 5.836705337190307
0.93704635816670034, 6.0443868191535532
0.26488606887939292, 6.2212207178884231
1.1098480806601394, 6.2980830577691354
0.65966180471028402, 6.3771081158281726
0.018692179378802888, 6.0389975301954859
1.1406944503367094, 5.9844890457308022
0.43390951024565394, 6.3004879748297951
1.2120522222230232, 6.1561869151063284
0.1015141472864621, 5.955468508142256
0.46865093981278522, 5.9833552726530437
0.8898281010908381, 6.3804452076898226
1.2287342068405842, 6.0790348279911504
0.00047312300185644435, 6.0010360427488525
1.0202503768357523, 5.989801073475487
0.20535238823240456, 5.8989079342512349
1.0281253628868907, 6.3440277085724652
0.21501707708326895, 6.1896583401742884
0.60581950730196488, 6.363730288679557
1.2308999187053213, 6.0032376702780574
0.045068027375274725, 6.0604167520325802
1.1608678342451031, 6.2500211632399472
0.29041298035815571, 5.8305014383074543
0.79960342431669462, 6.3882812880602255
0.56811355951628184, 6.0630735047310376
1.1966962264753882, 5.9706005558020374
0.023952054757146665, 5.9878821455341154
0.37725314138393889, 6.2757969785225365
1.1870224496795316, 6.2124153782765488
0.94606444906049281, 5.9741618077801411
0.15956787799215014, 5.9267619418792776
0.95381043106437924, 6.3681014597209185
0.14344586196863848, 6.137535712667562
1.2316941177013228, 6.0376154259946411
-0.00081256795305584099, 6.0196227713176924
0.55344415697752691, 6.3470464951053431
0.35941051789313549, 5.8959214520174621
1.091511859032541, 6.3108364266190335
1.0836684002318766, 5.9917585674896463
0.26652926436667068, 5.8499626058561782
0.71296630693451557, 6.3853660846010838
1.2177117506355115, 6.1372870949080403
0.29187904596856512, 6.2359642868761247
0.078512686197699424, 5.9654126970802634
1.2148982037995231, 5.969004739665813
0.82803614917062796, 6.3869257542115969
0.098162639077145522, 6.1023409025746878
1.1464339086881161, 6.2661068238456252
0.50789818232149508, 6.0182641385053914
-0.0040246109769346023, 6.013333809739497
1.1649992391026249, 5.9789254633456403
0.46550714139167099, 6.3136585620637744
1.0056597661233451, 6.3526798775425819
0.32346756817083594, 5.8602940723522812
1.2260671052902279, 6.098170708530799
0.23895836325379496, 6.205449240620144
0.93209156165561424, 5.9857609957504421
0.030783419033082435, 6.0489814680677094
0.7706618228634079, 6.3885703145829602
0.25069350556046971, 5.8643072506464931
1.205030847140903, 6.1753582249869066
0.04873729536447776, 5.9775971390104914
1.227989618753327, 5.9848087763248632
0.633147163774057, 6.3710843315405254
1.0735059874564707, 6.3218063202023442
0.16411603072241013, 6.1531675699836486
0.4309920475903109, 5.9537892315000276
0.98945867120778075, 5.9848119451534991
0.34928600559647333, 6.2632336941140361
0.18264986022219123, 5.913426812831168
1.1134142610336917, 5.9890150633065122
0.77132808454776114, 6.1475124476637912
0.0068196252771443831, 5.9964445872449268
0.91469684867046375, 6.3763955721894048
1.2311043442250811, 6.0518299617208218
0.29715900700189879, 5.8317643329050624
0.52639600894837291, 6.3373816693802167
0.0607851544445078, 6.0728641128239209
1.1646664357510221, 6.24533269468618
1.2074140669716074, 5.9687393631592904
0.68723429109421952, 6.3820470845992485
0.1096133928399592, 5.9518044414569191
0.40516016066438848, 6.2881055179249143
1.1247890079005174, 6.2862508035059896
0.0092754469989361991, 6.0306572553970508
1.0522019448510151, 5.9921410937921582
0.38329049839040996, 5.9163541784360421
1.2312224312577591, 6.0074840623910406
0.96148727264350831, 6.3661646623333805
0.19435361900945933, 6.1752560151779869
-0.0033144829688274901, 6.0056968590906967
1.189847966144733, 6.2074086282066823
0.30418375789354141, 5.8381338363503188
0.58032491993295698, 6.3559846289059641
1.1824378884122351, 5.9742859131458284
0.88054534778743732, 6.3817354648883189
0.06282340469840994, 5.9718916821067687
1.2233836346101019, 6.1130143287841108
0.59034812773833323, 6.0749197553980609
0.12565710744821029, 6.1238297317949231
0.96457490113724553, 5.9788611240734655
1.0465872078399172, 6.3358258069858975
0.21266709671471773, 5.8938826071862387
0.27192593243030611, 6.2252330856258231
1.2232974458495864, 5.9742609508454052
0.020054340093186376, 5.9896289235649993
0.77818916212415534, 6.3886060634969244
1.2069293304990867, 6.1705335278381712
0.33926790090487513, 5.8769070122564111
0.44247099610162832, 6.3041058002446695
1.229365050004638, 6.0733425481215688
0.083251748060311923, 6.0905998861018285
1.0964313798643035, 6.3075841659716287
0.93521965141041319, 5.9745747722250169
0.00064340731621063312, 6.0215617251126652
0.27758514122081557, 5.83952649127282
0.73395149895584466, 6.3871721389348401
1.2295850639737085, 5.9923853125102404
0.32714090410108887, 6.2530881225387169
0.99965127206544591, 6.354771729055015
0.15223597290297827, 5.9307386386653658
1.1504063213559046, 6.261926768494873
0.68130099976014535, 6.1176093940101222
0.041197758944329324, 6.0573370779982119
0.50526742283357606, 6.3294306034172454
1.2317886373194051, 6.0327644898423252
0.40607879059161889, 5.9345599254321835
0.84949950727506762, 6.3852275688360152
0.036661561924059616, 5.9825072285346623
1.2164253282272472, 6.1419418964971175
0.22102906121057317, 6.1937216506621686
1.1472967609614986, 5.9831119063045826
0.25508142996985517, 5.8604562313912147
0.66672170825088706, 6.3785065538267611
1.1781122739650214, 6.2267982005344464
-0.0043994778638882705, 6.0091197613760432
0.93535005004912619, 6.0197219826223023
0.93186734782644232, 6.3730625475406324
0.15852070639392668, 6.1489726911855334
1.2198702412593838, 5.9710112720514354
0.31221863539787686, 5.8474029018178113
0.38451266716403054, 6.2790222822628481
1.059313704040957, 6.3295247885881629
0.12476657959298344, 5.9446810784243
1.2280211245661612, 6.0847960225811732
0.015683522427800155, 6.0364158547297269
0.61309418462711573, 6.3657909869015805
1.0285428192384254, 5.9906800166264915
0.45912836444952332, 5.9756681930683788
1.1345660537402695, 6.2776522368108791
0.10348560450902435, 6.1065213921277754
0.8070502687478579, 6.3880260379431464
1.2259552570403944, 5.97887827507786
0.0021740201185032871, 5.9996130857518049
0.28836289195479209, 5.8312500137554375
1.1992720709802971, 6.1887186401587071
0.47323906423060713, 6.316800716493093
0.24563272957673773, 6.2096517590563201
1.1055205439431108, 5.9899671805633812
0.094376554057609974, 5.9586227230401496
1.0225969400052404, 6.3462848768967461
0.51993241637543186, 6.0294032197872669
1.2318046640946341, 6.0235054764280838
0.22571784624023544, 5.88443164494974
0.56081330301952681, 6.3495678741179891
0.90839339180027567, 6.1225383140496499
0.057067481800617249, 6.0699249222254146
0.89769743517961453, 6.3792589482355933
1.1863604664018252, 5.9732262491180057
-0.003461130000596343, 6.0149499622146374
1.1146029881139536, 6.2944724157090057
0.29892174977828051, 6.2395417324277949
1.2210991240962052, 6.1236727740644872
0.18831087040802449, 5.9099476925951935
0.69453019829693663, 6.3831150333894477
0.95018957456943154, 5.9750792338286312
0.18041364115710823, 6.1652050355016508
0.270317959343577, 5.8463786620176794
1.1841220181980918, 6.2173172962941559
0.013103397944448618, 5.9929698281069692
1.23056139130743, 5.999719199940361
0.97561931145341763, 6.3623036094275669
0.63316248913965634, 6.0958017365289585
0.35610280668789251, 6.2663164690236099
0.027624146888008252, 6.0464140788456451
1.2303919435910591, 6.0622032742076168
0.36529501073851534, 5.9011308405505618
0.74983328151573336, 6.3880371732709582
1.0603197124066739, 5.9922931789587848
0.13784441447084061, 6.1332416847178681
1.0783785127451759, 6.318974591736688
0.13874076417565465, 5.9377670764991102
1.2051506301037136, 5.9689921630669636
0.54556236241513434, 6.3442946404048621
0.29548964587452931, 5.8308928643668816
1.210652286896488, 6.1603238086191361
0.027855410836396855, 5.9861905878482844
0.83438690133248372, 6.3864834541816222
0.42512704778700922, 6.2967419431387892
0.99645512644000411, 5.9861867551774228
0.0044812395398283206, 6.0259269016989299
1.1713953781541615, 6.2364684473301635
0.47869919546313622, 5.9917498792351482
0.94644606350620086, 6.3698588994341003
0.072975633465392223, 6.0824923687437256
1.1694357884227746, 5.9777788118974273
0.63967879836629971, 6.3726766036095546
0.23697085802509468, 5.8757241353276068
1.2253601687699824, 6.1023950787767385
0.20824735762957092, 6.1850113499968034
1.0345399279016494, 6.3412969920842439
0.074192970408821099, 5.9672162344015911
0.93223582876745503, 5.9811867281773283
1.2164251674284976, 5.9693943516096963
0.32726018791638722, 5.8644440319413622
-0.0011460152310209801, 6.00264591219642
1.1426765017225413, 6.2699077296729255
0.48938500052280742, 6.323248752826915
0.80816284865986143, 6.1497288407783701
0.25872847197234955, 6.2176138892880388
1.2315650690809534, 6.0418832982779458
0.1663982987715584, 5.922949685295956
0.86522071374947174, 6.3836147981608633
0.4385504012853601, 5.9596003469031169
1.194883817650533, 6.1978420640120913
0.113963874803951, 6.1147257771800847
1.133502416233793, 5.9858663920934587
0.71914382556257839, 6.3859793836005565
0.28352944273658853, 5.8343740190389806
0.021468019916981409, 6.0413350548811486
1.2316225924568749, 6.0154756568269443
0.59801746573234027, 6.3614434614365205
1.1055902669191782, 6.3012039511332416
0.31304519826038796, 6.2464499799506585
0.052133727292531483, 5.9762249107288996
0.97060472186850066, 5.980434398633105
1.2136640867564168, 6.1511881906646231
-0.0043306908844558817, 6.0119678846584419
0.98765818207923295, 6.3586910098973517
0.55091397238647333, 6.0528475511682869
1.2275028731925963, 5.983109396968227
0.30223996138914189, 5.8360749651249035
0.39907077152049458, 6.2854415258050986
0.79267037047851951, 6.3884538116960989
0.04905338785859404, 6.0635798383113659
1.1577414846521727, 6.2537261485523521
0.20006421330523805, 5.9024296778729379
1.1994389074370182, 5.9699955328509153
0.16934430182824406, 6.1570598183601604
1.0767009540152521, 5.9920680233128802
0.68030257918077908, 6.3809389741398306
0.35319907243073595, 5.8902696886719683
1.069143782141917, 6.324260643385986
-0.0017516305051616396, 6.0182130754614365
1.2267910088693597, 6.0935456278108271
0.45786556986997262, 6.3105205083503062
0.083711173496294075, 5.9632182734698675
0.73715126752544924, 6.1390586543580081
1.2032283590964319, 6.1797328430550031
0.23300979369145539, 6.2016265932063872
0.93710446496895117, 5.9737411756044567
0.26299296481605899, 5.8532672975710121
