4.6258801409719643, 6.0131988988153235
4.5811558268293808, 4.0924592955535397
3.9806326368742138, 4.9004960142841334
4.8801979993918261, 5.7980697716643617
4.14503501653724, 4.3065278963141163
4.2210234461531533, 5.5296431155285193
4.6257751346112101, 4.3580489088508205
4.4365921368950181, 5.8241762145549343
4.000485550079441, 4.5601240858899441
4.5995735224215508, 5.3649551466703791
4.3955037152700145, 4.1398881321969796
4.7834205957195266, 5.9271895961191099
4.0545490798046924, 5.1872724546892961
4.6274985293347681, 4.1314519392418889
4.7911765817364271, 5.6688531691551622
4.0579191547094204, 4.4228168464374873
4.5533705667355493, 5.9551028490060185
4.2751938678002537, 4.1978762421805929
4.1287437190797833, 5.3559224921467479
4.4179299368725866, 4.881177252624842
4.8562967817951357, 5.8652698214200285
4.5060468753782628, 4.1049195485435721
3.9730710517609462, 4.7375317639544994
4.6865371668661115, 5.9983448782552813
4.6226707011440906, 4.247925857116666
4.3248246891877953, 5.6866263880199801
4.0072169699100701, 5.0401010450015136
4.6988930065225212, 5.5494432100085715
4.2089906048320787, 4.2463072959459858
4.6164416356990516, 4.1005801148077001
4.7313185126620363, 5.9662982934064637
3.9818916816440439, 4.6454846320220655
4.4970929832697895, 5.8935514283315396
4.4929467846671836, 4.4758617662216844
4.8561548591261392, 5.755431896100883
4.4868577161049252, 5.1311404714998012
4.4505521195762494, 4.1207139680238587
4.1743559221669226, 5.4455786738730625
4.0944429814759182, 4.3667897981505375
4.5967269021672053, 5.9959914726446755
4.6244884526958989, 4.182815566684746
4.8773501948776499, 5.834897872849246
3.9737939177302897, 4.8252650575392071
4.2766291312513092, 5.618819671619109
4.3313224613770833, 4.1672903861026587
4.084925536459302, 5.2611557776502824
4.6555459745271159, 6.0138084063554595
4.0249195670631783, 4.4899595762856563
4.6273215364414408, 4.3151931326754287
4.8235001982069967, 5.8956901478646309
4.3813553495163085, 5.7584180587116567
4.5507550224420195, 4.0955563955693615
3.9928833983225749, 4.9764136554244356
4.6449255951371606, 5.4585173154290594
4.4187056612142586, 4.6539330168862829
4.1773426107293972, 4.2744485598826412
4.8273761068917418, 5.7165812298376109
4.6242461288936259, 4.1116245931783331
4.5268793190782972, 5.9266962989659122
4.0293115410016691, 5.116304901412545
4.5914049942742929, 4.3941533519127196
4.7561982336836488, 5.9476871284477539
3.9898362400613139, 4.6026720524429967
4.5371084255068368, 5.2526108722096865
4.3629802112473648, 4.1529824526485939
4.248611610089208, 5.575454256999441
4.8820235746446325, 5.8173840199259965
4.6005240751741256, 4.0937685236156156
4.6404195728701723, 6.0158729730316782
4.0409208346054708, 4.4547306730343843
4.106948694003643, 5.3100935039536576
4.2432570868760227, 4.2193720751435588
4.4646181160299676, 5.8566021779280257
3.9723945587219176, 4.780510073170956
4.7493961422834543, 5.6172630072017702
4.480165821897633, 4.1118196615784157
4.7066232026613566, 5.984488490460139
4.4470682139165758, 5.0012709838002021
4.6227639166319214, 4.2138928832870644
4.3529453317761115, 5.7231191131819106
4.1167416875550442, 4.3383372831959806
4.8417091163835506, 5.879800689706463
3.9860832914008504, 4.9383417000095067
4.6268320152274551, 4.152624115992638
4.5777292757226826, 5.979409564580954
3.9764250565204278, 4.6887252939959509
4.1537379295337908, 5.4059948064120862
4.8715236188691682, 5.7781983110448341
4.3030789175512147, 4.1816999548690807
4.6154745868439493, 4.3761164488170552
4.4091213661888604, 5.791842904511304
4.0183715833918781, 5.080884694179689
4.5312853626558587, 4.0991454826566924
4.8031437576898188, 5.9120337745599496
4.0119809649456393, 4.5238142800122993
4.5712012036431728, 5.3141328679649922
4.6117925299984384, 6.0065296239434502
4.4228367195593963, 4.1299319444428662
4.1985309205285075, 5.4901059538855757
4.4073383043346439, 4.7569470493085229
4.0765100356894779, 4.3925500707229324
4.8693535263304382, 5.8490931637021433
4.6092947549997385, 4.0963525122442412
4.6708317451492158, 6.0075631181623805
4.0680072228884026, 5.2211469706233133
4.6248284392382306, 4.2858812561142114
4.3002909622865619, 5.6530782331896789
3.9762755854256469, 4.8600099307020361
4.8099655250052278, 5.6929581140312555
4.1931993060622323, 4.2599750661602078
4.6715823814468092, 5.5067008960900319
4.5674665268669434, 4.0933506366809613
4.5126982778993785, 5.9110293890626027
4.4491137853806446, 4.5523242647117286
3.9855511652068007, 4.6239855025729169
4.7435837194290471, 5.9571340531073131
4.0411401988928262, 5.151057479486953
4.2591916071805116, 4.2082169412622994
4.8820231408987986, 5.8078662692218099
4.6265749016824094, 4.1205848287191555
4.4670225036508766, 5.0700649601361096
4.5659340041642995, 5.9679452519332719
4.1303671118284617, 4.3225032629274427
4.2349327759451683, 5.5531220540396271
4.6282983324245874, 4.3381495107898091
4.72721862498177, 5.5887827022925824
3.9743009596902961, 4.7144528021590286
4.6963089001391758, 5.9917882131381752
4.3795275312908064, 4.1461381576923566
3.9995321176238909, 5.0080271070697666
4.4503958003752322, 5.8402102804549418
4.5478501348469687, 4.4221369826707351
4.8441976752515359, 5.7394648984419065
4.0328819509659821, 4.4716770223996853
4.5912576742324847, 4.0926259897964616
4.1408158313657237, 5.3804085876864152
4.8329249348810626, 5.8876789276326331
4.4660002386104765, 4.1159487828112162
4.3393005201141026, 5.7056384835777951
4.5110517607326459, 5.1953627286404265
4.633340337481763, 6.0151475226617608
4.1608682720006831, 4.290330608026097
3.972829209812812, 4.8027126485452234
4.6257072986055761, 4.1673578322646607
4.8635853530016036, 5.8568279127350316
4.0957255150893808, 5.2855351107710415
4.0058800261087697, 4.5421608943444411
4.5404580985276359, 5.9414318822397867
4.3172658443154868, 4.1742425102433396
4.621831441458589, 5.4111152641697302
4.6234477393172382, 4.2661698578555827
4.7709215075503266, 5.9366321738403007
4.4094543021690882, 4.8224967242927272
4.2639185924619012, 5.5995388307538905
4.5191711726860015, 4.1017825707485844
4.0671285729625755, 4.4073055593923209
4.662809447157251, 6.0112739333785958
4.0126912870470042, 5.0608258467885596
4.8763039269040078, 5.7874523635151833
4.6209663252740238, 4.1054342403805402
4.395588109991154, 5.7756612448069111
4.2263119870778807, 4.2322019867624094
3.9783661132296437, 4.8812274142450356
4.7718091311808424, 5.6449562977107401
4.1860918486485232, 5.4674501595044758
4.6056852665421015, 4.3846915459616262
4.588454809896243, 5.9891256563384205
3.9947434655777858, 4.5816224594814363
4.435576076728144, 4.1255881355419444
4.8801921404714523, 5.8270261552112563
4.4327853983456666, 4.9471247494344626
4.4810224980140845, 5.8753533001583822
4.6274337975629134, 4.1412489980764837
4.1047169817083633, 4.3532461907426994
4.7188314819051325, 5.9755698707882168
4.0477863547016826, 5.1693654403027436
3.978645233642474, 4.6687547613709777
4.5591478637260581, 4.0943251653823189
4.8124794049858481, 5.9046624786052613
4.311202175146776, 5.6682239737007798
4.3470417074636947, 4.1599706155509777
4.1178803830410597, 5.3333608084735102
4.4319682772581501, 4.6000841760886964
4.6184444931647093, 6.0101274097038146
4.6224675541603757, 4.2293273706914514
4.8638460597009905, 5.7661497471714105
3.9892400406493618, 4.9569357735355011
4.0492842362504575, 4.4384362001579749
4.5863043177275786, 5.3402203854689789
4.4228104917731725, 5.8080322648128755
4.2881135259907177, 4.190110484089157
4.6280847420063385, 4.3270901745514641
4.6481917940294295, 6.0154018105657823
3.9724810279978255, 4.7587523550876387
4.7128441206514138, 5.5693315303512998
4.6052676238621846, 4.0949208536900468
4.2095954981173369, 5.5097909243977448
4.849497479070255, 5.8723330959107338
4.4935313557767209, 4.1081464787744268
4.0757246943849221, 5.2397058336855977
4.0182553128215135, 4.5066583175065764
4.7924365537733689, 5.9203140916515116
4.169031828974199, 4.2823465002700543
4.3669722875349324, 5.7407121641224199
4.521134192442493, 4.4444815036449015
4.8188532454100343, 5.7048931132834895
3.9831772536165602, 4.9193039478526943
4.6235748804384889, 4.1963835687903668
4.6037282405502706, 6.0012511804911393
4.4985916018786991, 5.1636957834016526
4.4085376232255671, 4.1350291963771015
4.1636810296622588, 5.4252701343096188
4.8740448086012469, 5.8415490339652445
4.0856355445406791, 4.3790749945347516
4.6789252243221977, 6.0030713441895802
4.6255817922239126, 4.1157903776786613
4.0240605123989477, 5.0997675320668376
4.6574660051077261, 5.4820936449337303
4.218071358385437, 4.2387923658949198
4.5051845004518114, 5.9026407585477187
3.975294575130528, 4.7011901522770598
4.541024680322522, 4.0972372330591877
4.287755888939194, 5.6351836575894918
4.6223497633299768, 4.3665841093715123
4.7629725882684033, 5.9426061433640598
3.9748442525910468, 4.8420454110048397
4.8367704043078383, 5.7294578154712354
4.4107014897478471, 4.7068794379998389
4.5597479213867684, 5.9616893627431002
4.5752543224845414, 4.0927156666294566
4.137409117293652, 4.3147062211071097
4.5529132003927231, 5.2824146861807604
4.0611333646540766, 5.2041099477781962
4.8822468594826534, 5.8125820771030332
3.9974271165977866, 4.5712205084730959
4.6259957241403731, 4.2995571271612514
4.4726190511712698, 5.8657686652315357
4.3549295091085067, 4.1564608898391739
4.7128090891313201, 5.9799957893596609
4.0029791417105347, 5.0229080422047767
4.6135582872850964, 4.0985311884998037
4.2556954048612088, 5.5867190589415223
4.7611827242348692, 5.6319005027731892
4.251429253610338, 4.2135411853533364
4.4566955132187367, 5.0353636032397233
4.5830166640402314, 5.9842988779044344
4.0288467550510711, 4.4807368228517843
4.1347549470191156, 5.3681886325859214
4.4582939777827582, 4.1182923027823328
4.8184070930612419, 5.8998802784246394
4.5712188309441402, 4.4064286084870279
3.9802954836627489, 4.65627917251157
4.3741215962519737, 5.7495516958033912
4.6263309610344656, 4.1595043569775303
4.8784267621790063, 5.7926061219172711
4.0350635159187727, 5.1335921090577221
4.6443036029388081, 6.0158003882487936
4.1105637805835986, 4.3458784544826026
4.6319322359853006, 5.4323670973806442
4.6272181216772861, 4.1260571584897905
3.9725479298822153, 4.7916608064769619
4.5335426401575249, 5.9339655782155294
4.2956764074974494, 4.1857859892324436
4.227619580214669, 5.5408727048103783
4.8601960776889523, 5.8608943624445882
4.4681359796938374, 4.5134933739613174
4.5126707939867217, 4.1033026172357161
4.7374000200066639, 5.9617582196476739
3.995853014336995, 4.9910734147134725
4.0624984614639672, 4.4149670696495011
4.7997860910686523, 5.6797274155567914
4.4250484268804335, 4.9149235907932605
4.4294563539158656, 5.8158352911300355
4.5955329072312443, 4.0930050404365934
4.1012879641146656, 5.2977979748229993
4.2002108336848964, 4.2538144399864519
4.6669113682034329, 6.0094824929393544
4.6276817041776592, 4.3482800203493381
4.6851227022295818, 5.528605266333404
3.9876155329181699, 4.6133006489605082
4.331797423360924, 5.6958490334682299
4.3874658532510349, 4.142990688964673
4.8811914116280022, 5.8229479704125033
4.1802215875800179, 5.4565698375744089
4.6224903300026048, 4.2384498603563721
4.6220672029726089, 6.0117573313194166
3.9727116946206968, 4.7481713949014264
4.5236486861931819, 5.224466195129164
4.1528629155030456, 4.2983956049490413
4.7777457671269445, 5.9314864881366152
4.6190699338325389, 4.1030724332870188
4.0091264323632414, 4.5321695685051191
4.8509391971247631, 5.7484437273452267
4.4893375288444961, 5.8847918121533107
4.4866179270066402, 4.1100184843438274
3.9773100383637905, 4.8710519612607657
4.0896695821328137, 5.2719629886450114
4.6915045199187633, 5.9950675541543266
4.2675812262296393, 4.2026915582556006
4.6103497158172742, 5.3868118071493765
4.6231409323472521, 4.2044954512692501
4.2937920438096882, 5.6438695833815178
4.0448979750932654, 4.4468263624956617
4.8375544631509708, 5.8835864145629335
4.4074237011543511, 4.7897460781174486
4.4162189072920013, 4.1322613982737337
4.5719275762730733, 5.9738563079775027
4.0153986147153331, 5.0705517772895012
4.5860564481006634, 4.0924301575742978
4.8679906969363174, 5.7723878674457243
4.14793875454603, 5.3945889079592346
4.6241282476098284, 4.2767245648004373
4.4025650221960611, 5.7840272923813805
4.0812459608732663, 4.3854561037618716
4.4763318287858089, 5.0996628439706226
4.7250045257502, 5.9709979709441878
4.3244332005660446, 4.1706466359649514
3.9845977315958931, 4.9288805315104209
4.7814784770186147, 5.6568306541189193
4.6275365365574865, 4.1366488258405747
4.6076720251158996, 6.0039473090487094
3.9836433166166385, 4.6347167866023247
4.87175896255828, 5.845419002082374
4.1851800136960691, 4.267199953369671
4.2040619902252594, 5.5000022602829253
4.5822847555022053, 4.3996787759532712
4.5200741270874518, 5.9192079838079765
4.5459528553325477, 4.0963550541613492
4.0445326101918448, 5.1604977686824913
4.7376289265027927, 5.6023432950809617
3.9736509036731067, 4.7251923513590164
4.798006836854773, 5.916025341048762
4.2346849490316751, 4.2257387013674776
4.4247061505108327, 4.6267109584283785
4.3465007930981789, 5.7149117668585321
4.6227706088576417, 4.1083782551152188
4.6520993436764373, 6.0146864141221972
4.0211067127758175, 4.4993396527117957
4.2419286350094643, 5.5646386677145223
4.4427896448316639, 4.1232092035719123
4.8813458418331441, 5.8030257987282283
3.9732999128370663, 4.8152142436652268
4.4570452589170158, 5.8478897989279481
4.6194465195849057, 4.3712739365951458
4.1130215631877798, 5.3230930905735399
4.1232318478922201, 4.3306650698446321
4.7502264951807049, 5.9521613083832117
4.6250799610506723, 4.1751506050882101
4.4401591438387991, 4.9756974065235955
4.5471963586638449, 5.9486154815299574
3.9910287548212975, 4.9667286424574879
4.3711835242443851, 4.149539905427261
4.8526089445863319, 5.8691768080589863
4.5625501193742455, 5.299345740211499
4.5255372184694407, 4.1003631614991827
3.9924018257061715, 4.5912999553804665
4.630130454515939, 6.014454858659807
4.071825915946885, 5.2304001341136628
4.6267214058848092, 4.3078774552409405
4.8320390979775381, 5.7229939368247695
4.2707858930347893, 5.610035529868175
4.0992168736633188, 4.3603973878506475
4.5712425774581629, 4.0930051040901061
4.7012412907375358, 5.9883342141477991
4.0095864979776721, 5.0492588182773215
4.6644722248688746, 5.4945500502957474
4.3098572438437266, 4.1780781461229664
4.8787603974910798, 5.8313976367518192
4.0370185062222941, 4.4627852874940777
4.3886676464291536, 5.7673083899780755
4.5063650618866191, 4.4597093657729312
4.1684975743451584, 5.4344823871207009
4.6114162787962636, 4.0973332449237123
4.5927984819714736, 5.9928097407738958
3.9774711146547563, 4.6787413769407298
4.4131102297210756, 4.8528468336681945
4.8281238527128725, 5.8918070931107343
4.4731109655776748, 4.1138466710264652
4.3175600877710281, 5.6768791014216138
3.9795049042425403, 4.8912767751101507
4.6229858069129568, 4.2569205588991403
4.6751035981866726, 6.005272115234126
4.2135261512693392, 4.2425214430175613
4.8602953732053535, 5.7611065724966792
4.0321476766577931, 5.1249284473555976
4.6271792882727469, 4.1469659719749066
4.4437338945785712, 5.8324879050308311
4.0032435140572922, 4.5507083658671439
4.5933846149450615, 5.3531198119684102
4.3393254162505555, 4.1635073602884729
4.7197560861226995, 5.578801840165835
4.123448945489681, 5.3449916925859737
4.0718016841176121, 4.3998331352439948
4.7879414218217766, 5.9237508026418393
4.6269456966702371, 4.3531179074181416
4.6370123305124702, 6.0156625514978437
3.972371667633845, 4.7700733874259278
4.6027231818969705, 4.0942424238349302
4.1926559237933425, 5.4794738158240861
4.8741361641290819, 5.7829773445049319
