-2.0770074268620484, 6.5238583542771167
-0.64635596355540315, 8.1489520280424443
-0.92128446344439685, 6.974559794921614
-1.522967692322956, 6.5759838360540543
-0.96399063018912212, 8.0872431187217373
-0.61442741175167359, 7.5381811623162802
-1.9894526902712661, 6.677555572477849
-0.57169647854967454, 7.880067468978762
-1.2157409288515162, 6.7289400539981203
-1.8690028028892551, 6.5131243078170309
-0.80499703393103172, 8.1600547991810259
-0.73221052447791912, 7.2348630016084154
-2.0772925522696557, 6.5966923766676659
-1.0354158620400506, 7.5727020887409218
-1.4358658468743646, 6.9533530856901411
-0.60387745621182298, 8.0501369812073023
-1.6974392279521593, 6.542391302008399
-0.9726097500922033, 7.9361567260654287
-1.0554402194513817, 6.8410936277751828
-2.0133157097557026, 6.4994505472148196
-0.57515401224076801, 7.7193825237563809
-0.71456333106639391, 8.1699689170938061
-1.3839857169918166, 6.6360646522497273
-0.66758387248602968, 7.3680054821265291
-2.0470471890524853, 6.6419058284690582
-0.90479865996466313, 8.1327057646658325
-1.2064620829135293, 7.2323108765657658
-1.7904118690482769, 6.7242050496784005
-0.81836875119293528, 7.1002207656046972
-0.58681544439265465, 7.9721792596809165
-2.0870348022406366, 6.550792654559185
-0.62361914801249496, 8.1161420530695203
-1.6076978872197651, 6.5546709385442252
-0.98078286600011666, 7.7716365506718779
-1.9503752371967229, 6.5014051174340164
-0.59184634504956879, 7.6298014635511846
-1.1305693143566791, 6.7819761570635793
-0.85786789680409392, 8.1478832146089175
-1.6115087818309792, 6.811354546463205
-2.0525692877165054, 6.5071127236723312
-0.97490854714385866, 8.036488606470563
-0.77393858592479814, 7.1658870858648651
-1.3052933953697388, 6.6776936984814839
-0.67708352494304336, 8.1651198609397682
-1.9179102659923168, 6.6932373420889357
-0.56831748695204276, 7.8017256981569716
-0.98114313324744484, 6.9118683977222819
-1.7943519658590983, 6.5266044249912456
-0.63990811849679941, 7.4471760726535425
-0.75848165372064846, 8.1674149069879878
-2.0851606499895809, 6.5730276996276622
-1.1164465167813866, 7.3955648402430896
-1.4566909975242435, 6.6017704839544962
-0.94130795016742064, 8.1133251396701525
-1.3131411783452762, 7.085595345865098
-1.9844732140649093, 6.4990568889709044
-0.5784546781218598, 7.9282398704899242
-0.69686054138863851, 7.3018494271699703
-2.0243360776998349, 6.6609315423867512
-0.61355172010084946, 8.0878552858443644
-0.87101552311099428, 7.0320221983816706
-1.7458924258434012, 6.5350396651768285
-0.97276564536145738, 7.8637139898653503
-2.0836372934831919, 6.5352615276205528
-0.58226376365680943, 7.6761165691223567
-1.1727584248508223, 6.7548788900040595
-0.66089098567507121, 8.1588370108897355
-1.6996063820856555, 6.7614116003098195
-0.97157777399751644, 8.0654037706671282
-2.064926874044227, 6.6193726880925432
-0.6270311555673399, 7.4914169720582056
-1.0183017736553179, 6.8754207037712769
-1.909185471910974, 6.5066171199085261
-0.83106135159233385, 8.1545434570492645
-1.5631621956214308, 6.5640472613503178
-0.59527561367402848, 8.011838016094698
-1.0758233651101041, 7.481354505643294
-2.037092321209697, 6.5026167709677116
-0.56860819530448625, 7.8374399010404732
-1.3438229393257608, 6.6568403573832793
-0.84300037885213097, 7.0670242351916839
-0.73527349615758464, 8.1694911991440691
-1.8661736828418225, 6.703348925620003
-1.0005349792333205, 7.6751460704241197
-1.5107619090488151, 6.886022899824086
-0.92421078069658347, 8.1239052448142299
-2.0671803752674505, 6.5147404432834222
-0.71378319690514791, 7.2684924464317593
-0.633219693167828, 8.1338170844754494
-1.6517399375601112, 6.5483488738755105
-1.0920722951562249, 6.810162313518509
-0.57058579729425651, 7.7596688079536573
-1.9633553791814007, 6.6846112741923029
-0.97459839712331087, 7.9921086001852553
-1.2572984506898872, 7.1575053290730422
-2.0820341099876907, 6.5844090313391703
-0.60304751040891902, 7.5826531919293014
-1.2618873493953637, 6.7020862764337927
-0.69464705320915465, 8.1686070484395579
-1.8352074111290351, 6.5191482144072861
-0.6544137056350634, 7.4030777826916969
-0.88135433070316049, 8.1410180791333513
-1.4873803373682939, 6.5890232950003345
-0.94773383210428308, 6.9462240670728796
-2.0870112566442596, 6.5603615306437018
-0.60853703169012707, 8.0693842183933171
-1.1567371881118749, 7.3170227383774682
-1.9678368760602061, 6.4999110522690007
-0.57477388688291164, 7.9047676072043283
-0.7931814448437452, 7.1365672436121459
-2.0364973767388515, 6.6518123591511475
-0.78192788022425186, 8.1641461212392343
-1.4196724291951346, 6.6186140112369536
-0.9549020387423216, 8.1007565809644646
-1.3771553655657316, 7.0129208318234912
-0.68122924656040706, 7.335523044972879
-2.0259558978956536, 6.5007054270801437
-0.59104581890784835, 7.9923072355081128
-1.7695442210787329, 6.531022152710154
-0.97539182954111925, 7.8195457932477144
-0.89596992799530251, 7.0028037187346763
-2.0577607078025841, 6.6294501143283329
-0.6395428558302636, 8.1420910475810313
-1.5635537962827371, 6.8445494227531736
-0.5867204601954662, 7.6535296272929214
-1.9273113433012554, 6.5040853049897409
-0.97517608415209267, 8.0154988878592697
-1.1513499373847158, 6.7683164138872032
-0.7522317674317055, 7.2007207029399707
-2.080704544052506, 6.5292201923660889
-0.56906241490188725, 7.7816174020388456
-1.5856405516692282, 6.5588251016928769
-0.70432225785955038, 8.169542290965266
-1.0171208467672272, 7.6212561098398313
-1.8294479060806996, 6.7123889036956408
-0.84461132464083022, 8.1513116363933218
-1.0368168355837852, 6.8580076857109606
-2.0071749858570476, 6.6705392271715187
-0.618440642440374, 8.1030537826981259
-1.2833725580905662, 6.6899022716186369
-0.62076810186287745, 7.5143198888836178
-2.0605322962057904, 6.5106953686853366
-0.96834533113811427, 8.0770570310524175
-1.6744402206560336, 6.5454534471677936
-0.56974680957550838, 7.8582275433362545
-1.180467240014883, 7.2749759181473719
-2.0721459398908215, 6.6072263265486821
-0.64708765634740262, 7.4245689852350116
-0.76985566837199337, 8.1659547389356177
-1.6587816993956797, 6.7828059397438611
-0.96472320271824641, 6.9285643908761614
-1.8875746691643955, 6.5099944739355085
-0.59963919680787559, 8.0315526979799383
-1.3647816369415675, 6.6458635643257162
-0.97212661409534729, 7.9051032494113747
-2.0859682695272368, 6.5430574331158189
-0.80571652273016781, 7.1181882068426834
-0.66834701092075421, 8.1621993268040907
-1.094757914251387, 7.440876761628866
-1.9996379401728432, 6.4989086568559697
-0.57815351219579403, 7.6995748690430608
-1.505800076905389, 6.5820145642189614
-0.91487497654340411, 8.128433502505013
-1.1092848414223111, 6.7970009798677316
-1.9417368471534187, 6.6889564239601009
-0.58233049622233124, 7.9496255538653484
-0.72281399995954321, 7.2517086224240224
-1.8157807018631078, 6.5226984397080328
-0.81732662145741741, 8.1575613225432946
-1.3454393860016061, 7.0478043981820431
-0.5980506406465893, 7.603106049006171
-2.0724225006888046, 6.5189636306911369
-0.62813095936494967, 8.1253670760014156
-1.2361227152441239, 6.7169652085219704
-1.7474519702133986, 6.7400635401574132
-0.97364419203656194, 7.9669828778134066
-0.85737030855458418, 7.0487362032135499
-2.0862820410928449, 6.5669449359093308
-0.94835397051759762, 8.1075155804660017
-1.6289698586523498, 6.5513903366504032
-0.56820382661684354, 7.8199771008112231
-1.05439471873329, 7.5283192672522841
-2.0162462044915688, 6.6658755385633075
-0.7257602308247173, 8.1699035582476185
-0.99997260694054679, 6.8931632192074757
-1.4377829528643971, 6.6101947653809141
-0.67420527029150068, 7.3518219560624054
-2.0446434815789898, 6.5044852156239257
-0.65311584208463103, 8.1542081045199986
-1.4713567442506288, 6.9202414275426438
-0.98868968314599492, 7.7254569314046222
-1.7234832422042103, 6.5386009995988861
-0.60880506832127823, 7.5598586950133164
-0.89197347307389829, 8.1374809092189206
-2.0686676968361333, 6.6133808323771417
-0.76287952182588725, 7.1833812086673614
-1.9389581250536776, 6.5026448654308409
-0.60623527057559645, 8.0600778165689402
-1.1937916453224429, 6.7420532457478766
-0.57250304984449563, 7.7403621728929952
-1.8937635735129872, 6.6976743364073448
-0.97377238927821486, 8.0517051726745166
-0.90846381018375, 6.9887108976237222
-1.5438150878223613, 6.5693882473447269
-0.68556247085532163, 8.1671393197208246
-2.0799454933767403, 6.5902615915964393
-1.2336007324736806, 7.1910951933227176
-0.63358016649759363, 7.4683678455092917
-1.8530039603033051, 6.5159376400026785
-0.57658218487976898, 7.9168335723576773
-1.073578462980177, 6.8253312104971755
-0.8693704285171725, 8.1446633921964953
-2.0066012766412231, 6.4990926798952851
-1.3249592523246827, 6.66694767622573
-0.74737737541663618, 8.1685764216767573
-0.70425023446894142, 7.2869434859609337
-1.9775282376466343, 6.6811376760677907
-1.1350264322914945, 7.3582663087375719
-0.58892571062696764, 7.9823172980476782
-2.0849610310084952, 6.5390900335847402
-0.93366305907813474, 8.1185267231327085
-1.4071418320253599, 6.9817301575499222
-0.83066686828211278, 7.0833465896868084
-0.61603353282247064, 8.0959295932046924
-2.052328214730303, 6.6361072619437911
-1.4025218761862983, 6.6268682009367792
-0.97380465623362533, 7.8417405175099875
-1.710734770004257, 6.5405038559310009
-0.5946827613552198, 7.6173784350802967
-0.79366825459372847, 8.1621614818437376
-2.0566839887063004, 6.5088234166963748
-0.6605092601587097, 7.3863209898717601
-1.5877820978110484, 6.8272419995503748
-0.57061058097245743, 7.8689612963634765
-0.93534972611097456, 6.9593566886677678
-1.8984152150904297, 6.5082585253153615
-0.96009044945190847, 8.0938859880420893
-1.4728121237761402, 6.5949198999993213
-0.63644930835865932, 8.1383102959107596
-2.087189864708122, 6.5553789349365008
-1.2847674773794715, 7.1209793434149073
-1.0082588993317145, 7.6484018393513873
-0.74262837209007182, 7.2168258135534424
-1.9762673239848358, 6.4993991315588033
-0.56973247010640871, 7.7706646028578135
-1.769078723658045, 6.7316966390190922
-0.97497113720069384, 8.0043490162388569
-1.1200271172221721, 6.7892598909064761
-0.59755535903994272, 8.0221939875430124
-2.031040326572962, 6.6561788610688897
-1.2487388651004332, 6.7096435754108317
-0.67277106709231227, 8.1637987529524754
-1.7818127320060073, 6.5288574671589776
-0.61771929484332211, 7.5257157281298523
-0.88277058200889746, 7.0180628074556388
-2.0748271437700359, 6.5213504874558783
-0.83786628118006212, 8.1529530155499881
-1.5749839473438405, 6.5611696633238168
-0.58009581288913403, 7.6880838618165486
-0.97306918459260827, 7.9512771781343359
-2.0837178003530199, 6.5788607647714983
-0.78372173349355168, 7.1508104685161857
-0.62112322546685894, 8.1101980007912111
-1.5341526012258795, 6.8670173179062566
-1.0275195690635548, 6.8666834753552566
-2.0314505158313199, 6.5015386107014885
-0.58052154417346047, 7.9399393699063134
-1.0649451486215908, 7.5049622750675287
-1.8486833571056362, 6.7074196497195091
-0.89849997592118813, 8.1351299306433678
-0.68864005177046661, 7.3191562373277943
-1.640072989510881, 6.5498687735522569
-0.71988568398799213, 8.170000078882687
-1.9982254266458332, 6.6743822233476973
-1.1831363483731503, 6.7485136798405545
-0.9843109402040332, 7.7490217568948818
-1.9586172409152665, 6.5006333519851447
-0.56903538543433951, 7.8468482912603559
-0.97276226459122217, 8.0590995995667534
-1.354277845051, 6.6513298092108739
-0.64335890606568724, 7.4361157349123586
-2.061527799107528, 6.6243577322579865
-0.64964466541160348, 8.1516748065928759
-0.99023633753213114, 6.9027761837620112
-1.8257632085055888, 6.5208715336801095
-1.1931475099907924, 7.253744995991469
-0.77562587762339708, 8.1651213790434216
-2.0822273079520635, 6.5320647284345545
-0.57375806860969858, 7.7298690032499779
-1.533032008711535, 6.5726952076156451
-0.61089871265884466, 8.078422260650612
-1.679703133568023, 6.7714702190603928
-0.85003382188344756, 7.0579790226164461
-0.92906091239901434, 8.1212650465119172
-1.9305305629863572, 6.6909912358727128
-0.60586476209554363, 7.5714130032092211
-1.0824309141072153, 6.8179449785904742
-2.0197705128495071, 6.499986845615668
-0.97221114788616791, 7.8866511278942362
-1.329700268996526, 7.0659135641783415
-0.58463865757682609, 7.9614420310287048
-2.0749000026688473, 6.6018449233210079
-0.69941214648474515, 8.1691398407126385
-1.2942235560867985, 6.6838297989444966
-0.73742243263889151, 7.2257607948891591
-1.7564411075109083, 6.53327677867627
-0.96626224299185914, 8.0824300675995833
-1.1056748325145191, 7.4178830439470351
-2.0641130027874075, 6.5127265230295173
-0.57313683058996667, 7.8925121632011281
-1.4472962728821994, 6.6059066274225842
-0.63027590726635341, 7.4798677488551135
-1.9186065975037991, 6.5052613466133673
-0.81141102661315678, 8.15878324072529
-0.95601003984182864, 6.937571323767032
-2.0419929682750246, 6.6469104649144004
-0.6303665542186192, 8.1293073245964376
-1.4540254580720693, 6.9361426951502567
-0.58896177189088894, 7.6429174790923735
-1.6640726606070164, 6.5467786349432364
-0.97516743071575762, 8.0269643922861089
-2.0866684770549209, 6.5471516089780826
-0.79960971941227221, 7.1270715645358189
-0.60180398885596931, 8.0411367979270594
-1.1610125078534224, 6.7621910774739735
-1.0264334078379831, 7.5955571263040937
-1.8773337956668636, 6.5116990210730084
-0.74149420999995974, 8.169070937186369
-1.7244513658064178, 6.7498324376566554
-0.66415872411811061, 7.376730864648521
-0.87520237889311403, 8.1429302774727894
-1.9924373175732224, 6.4988931898879976
-0.56856020206186597, 7.7930581108502999
-1.3932675759267124, 6.631425686268833
-1.9539692031704015, 6.6865976305570278
-0.65727746376195562, 8.1568481408572193
-1.0470852620938285, 6.8485997139090458
-1.146003419765643, 7.3370811858453333
-2.0866811313052906, 6.5639359702650113
-0.95153827514206935, 8.1044344327935551
-0.70898073731540123, 7.2776858587517621
-1.5973964901131448, 6.5565007083237079
-0.97770879355319085, 7.7958890784173951
-2.0485363760615671, 6.5056780075925271
-0.59316498797697903, 8.0021482562532729
-0.88940158387314694, 7.0103460244704294
-1.2254824421911472, 6.7231937276910756
-0.58433888569998604, 7.6653139377326465
-1.8809749465720278, 6.7002032228989927
-0.85175634629595853, 8.1494986622504371
-1.4966819179914579, 6.585418287355389
-0.68157330663179427, 8.1662767999676316
-2.0550832178492757, 6.6328255950251815
-1.2706724997843479, 7.1394206808142657
-0.76833676780958693, 7.1746862111226735
-0.56832576746028218, 7.8279477049500086
-1.805296211869504, 6.5246150866416022
-0.97412206508607124, 7.9792655000261199
-2.0789656605438616, 6.5264831211224745
-0.65082650845212919, 7.4134076708746894
-1.4924183420759847, 6.9016135375859164
-0.62560481645330235, 8.1204277665552294
-1.3159580640436908, 6.6718408366719721
-0.99443298859846152, 7.6992284162760942
-2.0787255338405024, 6.5933309536195193
-0.76366465584019849, 8.1667810435545718
-0.92807769634110704, 6.9671771164041543
-1.6869447891870262, 6.5438162461636864
-0.9104850322392084, 8.1303618392846282
-2.0117695808091716, 6.6682835495413526
-0.61161893435742187, 7.5489462204601621
-1.634040742233883, 6.7972350411331259
-0.61216036883184088, 8.0830084027341016
-0.82438056892889922, 7.0918975973988294
-1.9443973593166219, 6.5020311836686417
-0.57145124095613586, 7.7502982824688598
-1.1402052309916195, 6.7755442550185867
-2.0697917061290365, 6.516701543285758
-0.97011160946675778, 8.0713858014425028
-1.0849436361996905, 7.4617754648270918
-0.64284136941486414, 8.1456398758798692
-1.5533686881872897, 6.5666538069935942
-0.69237049125313521, 7.3112002383449992
-1.8453549693682265, 6.5173096321499235
-0.57562211411767694, 7.9105828663636695
-1.0088674483435853, 6.8844938457573299
-2.0845214934447003, 6.5757859605947706
-0.82421021055006927, 8.1560805302007218
-1.3911602921581141, 6.9981476114586743
-0.97227790911343637, 7.9205300867950301
-1.8107463448043042, 6.717751323805758
-0.62394945516485245, 7.502594207824357
-2.0405652159376362, 6.5034096590981729
-0.70937398777596927, 8.1698175239202104
-1.272214116883384, 6.6962040774194458
-1.2203814008135474, 7.2107782662188118
-1.9835846601978591, 6.6794099333134502
-0.93801257732124244, 8.1156824244210419
-0.57659851962716524, 7.7094651335433975
-1.4281641385974788, 6.6146263056769312
