0.00088014097196332922, 6.0131988988153235
-0.043844173170619095, 4.0924592955535397
-0.64436736312578724, 4.9004960142841334
0.25519799939182491, 5.7980697716643617
-0.47996498346276228, 4.3065278963141163
-0.40397655384684661, 5.5296431155285193
0.00077513461121090916, 4.3580489088508205
-0.18840786310498103, 5.8241762145549343
-0.62451444992055971, 4.5601240858899441
-0.025426477578448788, 5.3649551466703791
-0.22949628472998634, 4.1398881321969796
0.15842059571952546, 5.9271895961191099
-0.57045092019530819, 5.1872724546892961
0.0024985293347682541, 4.1314519392418889
0.16617658173642696, 5.6688531691551622
-0.56708084529057901, 4.4228168464374873
-0.071629433264452674, 5.9551028490060185
-0.34980613219974627, 4.1978762421805929
-0.49625628092021545, 5.3559224921467479
-0.20707006312741486, 4.881177252624842
0.23129678179513558, 5.8652698214200285
-0.11895312462173743, 4.1049195485435721
-0.65192894823905356, 4.7375317639544994
0.061537166866110389, 5.9983448782552813
-0.0023292988559091327, 4.247925857116666
-0.30017531081220494, 5.6866263880199801
-0.61778303008993007, 5.0401010450015136
0.07389300652252194, 5.5494432100085715
-0.41600939516792251, 4.2463072959459858
-0.0085583643009485375, 4.1005801148077001
0.10631851266203561, 5.9662982934064637
-0.64310831835595661, 4.6454846320220655
-0.12790701673021085, 5.8935514283315396
-0.1320532153328158, 4.4758617662216844
0.23115485912613989, 5.755431896100883
-0.13814228389507366, 5.1311404714998012
-0.17444788042375062, 4.1207139680238587
-0.45064407783307675, 5.4455786738730625
-0.53055701852408144, 4.3667897981505375
-0.028273097832793796, 5.9959914726446755
-0.00051154730410078839, 4.182815566684746
0.2523501948776502, 5.834897872849246
-0.65120608226971077, 4.8252650575392071
-0.34837086874868955, 5.618819671619109
-0.29367753862291779, 4.1672903861026587
-0.54007446354069744, 5.2611557776502824
0.030545974527116534, 6.0138084063554595
-0.60008043293682289, 4.4899595762856563
0.0023215364414416939, 4.3151931326754287
0.19850019820699713, 5.8956901478646309
-0.24364465048369138, 5.7584180587116567
-0.074244977557979847, 4.0955563955693615
-0.63211660167742501, 4.9764136554244356
0.019925595137161384, 5.4585173154290594
-0.20629433878574288, 4.6539330168862829
-0.44765738927060295, 4.2744485598826412
0.20237610689174157, 5.7165812298376109
-0.00075387110637395081, 4.1116245931783331
-0.098120680921701925, 5.9266962989659122
-0.59568845899833189, 5.116304901412545
-0.033595005725708088, 4.3941533519127196
0.13119823368364811, 5.9476871284477539
-0.63516375993868535, 4.6026720524429967
-0.087891574493162442, 5.2526108722096865
-0.26201978875263421, 4.1529824526485939
-0.37638838991079232, 5.575454256999441
0.25702357464463299, 5.8173840199259965
-0.024475924825875729, 4.0937685236156156
0.015419572870171297, 6.0158729730316782
-0.58407916539452898, 4.4547306730343843
-0.51805130599635763, 5.3100935039536576
-0.38174291312397673, 4.2193720751435588
-0.16038188397003378, 5.8566021779280257
-0.65260544127808351, 4.780510073170956
0.12439614228345346, 5.6172630072017702
-0.14483417810236682, 4.1118196615784157
0.081623202661356656, 5.984488490460139
-0.17793178608342397, 5.0012709838002021
-0.0022360833680790072, 4.2138928832870644
-0.27205466822388691, 5.7231191131819106
-0.50825831244495601, 4.3383372831959806
0.21670911638355059, 5.879800689706463
-0.63891670859915006, 4.9383417000095067
0.0018320152274562481, 4.152624115992638
-0.047270724277318037, 5.979409564580954
-0.64857494347957234, 4.6887252939959509
-0.47126207046620988, 5.4059948064120862
0.24652361886916846, 5.7781983110448341
-0.32192108244878492, 4.1816999548690807
-0.009525413156051812, 4.3761164488170552
-0.21587863381114006, 5.791842904511304
-0.60662841660812272, 5.080884694179689
-0.093714637344140303, 4.0991454826566924
0.17814375768981847, 5.9120337745599496
-0.61301903505436151, 4.5238142800122993
-0.053798796356827341, 5.3141328679649922
-0.013207470001561292, 6.0065296239434502
-0.20216328044060486, 4.1299319444428662
-0.42646907947149393, 5.4901059538855757
-0.21766169566535712, 4.7569470493085229
-0.54848996431052299, 4.3925500707229324
0.24435352633043853, 5.8490931637021433
-0.015705245000262234, 4.0963525122442412
0.045831745149213454, 6.0075631181623805
-0.55699277711159734, 5.2211469706233133
-0.00017156076176889847, 4.2858812561142114
-0.3247090377134374, 5.6530782331896789
-0.64872441457435293, 4.8600099307020361
0.18496552500522664, 5.6929581140312555
-0.43180069393776743, 4.2599750661602078
0.046582381446808215, 5.5067008960900319
-0.057533473133057476, 4.0933506366809613
-0.11230172210062106, 5.9110293890626027
-0.17588621461935414, 4.5523242647117286
-0.63944883479319903, 4.6239855025729169
0.11858371942904619, 5.9571340531073131
-0.5838598011071735, 5.151057479486953
-0.36580839281948885, 4.2082169412622994
0.25702314089880041, 5.8078662692218099
0.0015749016824096163, 4.1205848287191555
-0.15797749634912372, 5.0700649601361096
-0.059065995835699554, 5.9679452519332719
-0.49463288817153928, 4.3225032629274427
-0.39006722405483069, 5.5531220540396271
0.0032983324245883386, 4.3381495107898091
0.10221862498177005, 5.5887827022925824
-0.65069904030970405, 4.7144528021590286
0.071308900139175901, 5.9917882131381752
-0.24547246870919312, 4.1461381576923566
-0.62546788237610906, 5.0080271070697666
-0.17460419962476864, 5.8402102804549418
-0.077149865153031016, 4.4221369826707351
0.21919767525153497, 5.7394648984419065
-0.59211804903401599, 4.4716770223996853
-0.033742325767515735, 4.0926259897964616
-0.48418416863427843, 5.3804085876864152
0.20792493488106123, 5.8876789276326331
-0.1589997613895236, 4.1159487828112162
-0.28569947988589806, 5.7056384835777951
-0.11394823926735514, 5.1953627286404265
0.0083403374817630563, 6.0151475226617608
-0.46413172799931601, 4.290330608026097
-0.65217079018718815, 4.8027126485452234
0.00070729860557638296, 4.1673578322646607
0.23858535300160294, 5.8568279127350316
-0.52927448491061924, 5.2855351107710415
-0.61911997389123008, 4.5421608943444411
-0.084541901472365386, 5.9414318822397867
-0.30773415568451379, 4.1742425102433396
-0.0031685585414090783, 5.4111152641697302
-0.0015522606827621647, 4.2661698578555827
0.14592150755032648, 5.9366321738403007
-0.21554569783091218, 4.8224967242927272
-0.3610814075380982, 5.5995388307538905
-0.10582882731399886, 4.1017825707485844
-0.55787142703742354, 4.4073055593923209
0.037809447157249793, 6.0112739333785958
-0.61230871295299538, 5.0608258467885596
0.25130392690400793, 5.7874523635151833
-0.0040336747259749478, 4.1054342403805402
-0.22941189000884551, 5.7756612448069111
-0.39868801292212014, 4.2322019867624094
-0.64663388677035649, 4.8812274142450356
0.14680913118084196, 5.6449562977107401
-0.43890815135147748, 5.4674501595044758
-0.019314733457898456, 4.3846915459616262
-0.036545190103758729, 5.9891256563384205
-0.63025653442221419, 4.5816224594814363
-0.1894239232718567, 4.1255881355419444
0.25519214047145211, 5.8270261552112563
-0.19221460165433282, 4.9471247494344626
-0.14397750198591677, 5.8753533001583822
0.0024337975629139729, 4.1412489980764837
-0.52028301829163537, 4.3532461907426994
0.093831481905132394, 5.9755698707882168
-0.57721364529831898, 5.1693654403027436
-0.64635476635752609, 4.6687547613709777
-0.065852136273941042, 4.0943251653823189
0.18747940498584775, 5.9046624786052613
-0.31379782485322361, 5.6682239737007798
-0.27795829253630494, 4.1599706155509777
-0.50711961695893926, 5.3333608084735102
-0.19303172274184935, 4.6000841760886964
-0.0065555068352916041, 6.0101274097038146
-0.0025324458396248847, 4.2293273706914514
0.23884605970099029, 5.7661497471714105
-0.63575995935063823, 4.9569357735355011
-0.5757157637495427, 4.4384362001579749
-0.038695682272421622, 5.3402203854689789
-0.20218950822682835, 5.8080322648128755
-0.33688647400928212, 4.190110484089157
0.0030847420063380244, 4.3270901745514641
0.023191794029427965, 6.0154018105657823
-0.65251897200217401, 4.7587523550876387
0.087844120651411367, 5.5693315303512998
-0.01973237613781622, 4.0949208536900468
-0.41540450188266331, 5.5097909243977448
0.224497479070255, 5.8723330959107338
-0.13146864422327897, 4.1081464787744268
-0.54927530561507965, 5.2397058336855977
-0.60674468717848717, 4.5066583175065764
0.16743655377336922, 5.9203140916515116
-0.45596817102580262, 4.2823465002700543
-0.25802771246506773, 5.7407121641224199
-0.10386580755750614, 4.4444815036449015
0.1938532454100349, 5.7048931132834895
-0.64182274638344006, 4.9193039478526943
-0.0014251195615131715, 4.1963835687903668
-0.021271759449729952, 6.0012511804911393
-0.12640839812129859, 5.1636957834016526
-0.2164623767744335, 4.1350291963771015
-0.46131897033774216, 5.4252701343096188
0.24904480860124539, 5.8415490339652445
-0.53936445545932188, 4.3790749945347516
0.05392522432219872, 6.0030713441895802
0.00058179222391368244, 4.1157903776786613
-0.60093948760105431, 5.0997675320668376
0.032466005107725349, 5.4820936449337303
-0.4069286416145636, 4.2387923658949198
-0.11981549954818806, 5.9026407585477187
-0.64970542486947214, 4.7011901522770598
-0.083975319677477414, 4.0972372330591877
-0.33724411106080548, 5.6351836575894918
-0.0026502366700245851, 4.3665841093715123
0.13797258826840289, 5.9426061433640598
-0.65015574740895365, 4.8420454110048397
0.21177040430783836, 5.7294578154712354
-0.21429851025215346, 4.7068794379998389
-0.065252078613231512, 5.9616893627431002
-0.049745677515457006, 4.0927156666294566
-0.48759088270634915, 4.3147062211071097
-0.072086799607278887, 5.2824146861807604
-0.56386663534592285, 5.2041099477781962
0.25724685948265374, 5.8125820771030332
-0.6275728834022134, 4.5712205084730959
0.00099572414037286776, 4.2995571271612514
-0.15238094882873199, 5.8657686652315357
-0.27007049089149365, 4.1564608898391739
0.087809089131320656, 5.9799957893596609
-0.62202085828946585, 5.0229080422047767
-0.011441712714903438, 4.0985311884998037
-0.3693045951387916, 5.5867190589415223
0.13618272423486824, 5.6319005027731892
-0.37357074638966181, 4.2135411853533364
-0.16830448678126492, 5.0353636032397233
-0.041983335959768775, 5.9842988779044344
-0.59615324494892974, 4.4807368228517843
-0.49024505298088483, 5.3681886325859214
-0.16670602221724362, 4.1182923027823328
0.19340709306124165, 5.8998802784246394
-0.053781169055860077, 4.4064286084870279
-0.64470451633725212, 4.65627917251157
-0.2508784037480245, 5.7495516958033912
0.0013309610344661113, 4.1595043569775303
0.25342676217900412, 5.7926061219172711
-0.58993648408122679, 5.1335921090577221
0.01930360293880715, 6.0158003882487936
-0.51443621941640283, 4.3458784544826026
0.0069322359853013424, 5.4323670973806442
0.0022181216772864474, 4.1260571584897905
-0.65245207011778461, 4.7916608064769619
-0.091457359842474384, 5.9339655782155294
-0.32932359250255194, 4.1857859892324436
-0.39738041978533162, 5.5408727048103783
0.23519607768895121, 5.8608943624445882
-0.15686402030616287, 4.5134933739613174
-0.1123292060132781, 4.1033026172357161
0.11240002000666237, 5.9617582196476739
-0.62914698566300531, 4.9910734147134725
-0.56250153853603313, 4.4149670696495011
0.17478609106865231, 5.6797274155567914
-0.19995157311956616, 4.9149235907932605
-0.19554364608413474, 5.8158352911300355
-0.0294670927687571, 4.0930050404365934
-0.52371203588533355, 5.2977979748229993
-0.42478916631510377, 4.2538144399864519
0.041911368203433975, 6.0094824929393544
0.0026817041776589241, 4.3482800203493381
0.060122702229582152, 5.528605266333404
-0.63738446708183061, 4.6133006489605082
-0.29320257663907717, 5.6958490334682299
-0.237534146748967, 4.142990688964673
0.25619141162800091, 5.8229479704125033
-0.44477841241998239, 5.4565698375744089
-0.0025096699973963209, 4.2384498603563721
-0.0029327970273909328, 6.0117573313194166
-0.65228830537930271, 4.7481713949014264
-0.10135131380681771, 5.224466195129164
-0.47213708449695518, 4.2983956049490413
0.15274576712694493, 5.9314864881366152
-0.0059300661674598684, 4.1030724332870188
-0.61587356763675827, 4.5321695685051191
0.22593919712476399, 5.7484437273452267
-0.13566247115550442, 5.8847918121533107
-0.1383820729933592, 4.1100184843438274
-0.64768996163620918, 4.8710519612607657
-0.5353304178671866, 5.2719629886450114
0.066504519918762939, 5.9950675541543266
-0.35741877377036002, 4.2026915582556006
-0.014650284182726143, 5.3868118071493765
-0.0018590676527460769, 4.2044954512692501
-0.33120795619031235, 5.6438695833815178
-0.58010202490673435, 4.4468263624956617
0.21255446315097123, 5.8835864145629335
-0.21757629884564889, 4.7897460781174486
-0.20878109270799861, 4.1322613982737337
-0.053072423726925139, 5.9738563079775027
-0.60960138528466767, 5.0705517772895012
-0.038943551899337465, 4.0924301575742978
0.24299069693631739, 5.7723878674457243
-0.47706124545397, 5.3945889079592346
-0.00087175239017112278, 4.2767245648004373
-0.2224349778039405, 5.7840272923813805
-0.54375403912673426, 4.3854561037618716
-0.14866817121419057, 5.0996628439706226
0.10000452575019921, 5.9709979709441878
-0.30056679943395642, 4.1706466359649514
-0.64040226840410697, 4.9288805315104209
0.156478477018614, 5.6568306541189193
0.0025365365574868655, 4.1366488258405747
-0.017327974884100594, 6.0039473090487094
-0.64135668338336127, 4.6347167866023247
0.24675896255827975, 5.845419002082374
-0.43981998630392966, 4.267199953369671
-0.42093800977474177, 5.5000022602829253
-0.04271524449779629, 4.3996787759532712
-0.10492587291254837, 5.9192079838079765
-0.079047144667452621, 4.0963550541613492
-0.58046738980815504, 5.1604977686824913
0.11262892650279341, 5.6023432950809617
-0.65134909632689286, 4.7251923513590164
0.17300683685477314, 5.916025341048762
-0.39031505096832547, 4.2257387013674776
-0.2002938494891677, 4.6267109584283785
-0.27849920690182295, 5.7149117668585321
-0.0022293911423587726, 4.1083782551152188
0.027099343676437532, 6.0146864141221972
-0.60389328722418401, 4.4993396527117957
-0.38307136499053429, 5.5646386677145223
-0.18221035516833686, 4.1232092035719123
0.25634584183314324, 5.8030257987282283
-0.65170008716293382, 4.8152142436652268
-0.16795474108298469, 5.8478897989279481
-0.0055534804150932631, 4.3712739365951458
-0.51197843681222077, 5.3230930905735399
-0.50176815210777914, 4.3306650698446321
0.12522649518070403, 5.9521613083832117
7.9961050672370084e-05, 4.1751506050882101
-0.1848408561612, 4.9756974065235955
-0.077803641336156429, 5.9486154815299574
-0.63397124517870174, 4.9667286424574879
-0.25381647575561561, 4.149539905427261
0.2276089445863311, 5.8691768080589863
-0.06244988062575612, 5.299345740211499
-0.099462781530558486, 4.1003631614991827
-0.63259817429382825, 4.5912999553804665
0.0051304545159390732, 6.014454858659807
-0.55317408405311463, 5.2304001341136628
0.0017214058848093873, 4.3078774552409405
0.20703909797753922, 5.7229939368247695
-0.35421410696521027, 5.610035529868175
-0.52578312633668023, 4.3603973878506475
-0.053757422541837435, 4.0930051040901061
0.076241290737535827, 5.9883342141477991
-0.6154135020223277, 5.0492588182773215
0.039472224868874806, 5.4945500502957474
-0.3151427561562743, 4.1780781461229664
0.2537603974910777, 5.8313976367518192
-0.58798149377770725, 4.4627852874940777
-0.23633235357084667, 5.7673083899780755
-0.11863493811338092, 4.4597093657729312
-0.45650242565484106, 5.4344823871207009
-0.013583721203736465, 4.0973332449237123
-0.032201518028527491, 5.9928097407738958
-0.647528885345244, 4.6787413769407298
-0.21188977027892503, 4.8528468336681945
0.20312385271287151, 5.8918070931107343
-0.15188903442232576, 4.1138466710264652
-0.30743991222897171, 5.6768791014216138
-0.64549509575746056, 4.8912767751101507
-0.0020141930870440378, 4.2569205588991403
0.050103598186672892, 6.005272115234126
-0.41147384873066079, 4.2425214430175613
0.23529537320535254, 5.7611065724966792
-0.59285232334220639, 5.1249284473555976
0.0021792882727460516, 4.1469659719749066
-0.18126610542142926, 5.8324879050308311
-0.6217564859427066, 4.5507083658671439
-0.031615385054939958, 5.3531198119684102
-0.28567458374944343, 4.1635073602884729
0.094756086122700312, 5.578801840165835
-0.50155105451032, 5.3449916925859737
-0.55319831588238777, 4.3998331352439948
0.16294142182177546, 5.9237508026418393
0.0019456966702355121, 4.3531179074181416
0.012012330512470869, 6.0156625514978437
-0.65262833236615503, 4.7700733874259278
-0.022276818103031257, 4.0942424238349302
-0.43234407620665877, 5.4794738158240861
0.24913616412908043, 5.7829773445049319
