3.2968115173435457, 4.5235158965718059
3.9994343883669616, 4.8988773584086429
3.0307013117813733, 4.2771441960355201
3.8773031173039381, 4.5027304618051165
3.4611448843045309, 4.2351978030245743
3.998078520777244, 4.693977095275649
3.1735591021451626, 4.2353030084892138
3.7076390899525271, 4.3464554767736452
3.946072581218568, 4.8395339464276557
3.1077718621474077, 4.3866706873356396
3.8033911199535924, 4.6667148421473801
3.3120548770974856, 4.2200161126151405
3.9991414471583964, 4.8585150747656414
3.0709461459702361, 4.259942103995364
3.602822576227986, 4.2886978976540666
3.9714796476958183, 4.6093529215561304
3.1960237971802643, 4.4625464955462188
3.7950969018505027, 4.4211065888349834
3.0594831580547694, 4.3215312566577495
3.9933641760255689, 4.7847592440272351
3.5286879569118406, 4.4595762579442466
3.9857315779163534, 4.8925229345744539
3.2408371917892644, 4.2252212975384085
3.2502790960970644, 4.5004074237407883
3.9329350025762735, 4.5618041049277211
3.035886495607877, 4.2904195166615988
3.8917169918232006, 4.7673158967313762
3.5274479651384985, 4.2586474864901609
3.9950754789651368, 4.6539444755454689
3.1164149376327939, 4.2475143273938984
4.0010349233621412, 4.8851721780912234
3.3875980879303613, 4.2221162893968858
3.6871223969486491, 4.556600666466804
3.1443343389547276, 4.4221778894440007
3.7517155539990661, 4.3803235635946107
3.9959331165918615, 4.8246531167983093
3.0447157217659293, 4.2690859114292579
3.6535017955570472, 4.3137077241374726
3.0829884552931146, 4.3561680249078458
3.9939510446490818, 4.7368356209618243
3.3327930760112423, 4.4812527715288759
3.9948213771840475, 4.9003853204960048
3.840847761795001, 4.4661425773102135
3.3486243183008266, 4.2199026910156761
3.8509387150835486, 4.7183355044185271
3.1435928091652729, 4.2412836547977903
3.9678768025139788, 4.8696879213345685
3.1698970718890189, 4.4430574571915118
3.5636674687735463, 4.272314458775214
3.9537283737356885, 4.5861499464756168
3.0297679950362446, 4.2823662694927593
3.2772986209992023, 4.5182901049222641
3.922474683371505, 4.8073163730440482
3.426836392147445, 4.227371332667639
3.904079084009211, 4.5304502861334139
3.208637009335114, 4.2294603375586712
4.0004593276464258, 4.8737883582881363
3.0485461521124457, 4.3057614054166491
3.7426032450335325, 4.6069793237186385
3.6820503444452752, 4.3300527631172674
3.9984960319749421, 4.6725423406066957
3.1236036899411346, 4.4031210478735412
3.2768750583113966, 4.2218283486358903
4.0006793665047544, 4.8942808751900397
3.0895728597080936, 4.254497469585349
3.6165704210565686, 4.5048750740681651
3.9856603809559141, 4.6318556996738325
3.2250248112952362, 4.4830089694855726
3.7740305650890948, 4.4007369224812365
3.9944323497059404, 4.8052861285862907
3.492387465244243, 4.2454300568728991
3.0364843977177243, 4.2729201291402843
3.9773393407445576, 4.8822982149656076
3.0720670534886407, 4.3405498080284364
3.8207612148450805, 4.4462940722234228
3.4117749489757445, 4.4423761549313925
3.9930816089045549, 4.7578031673015868
3.3679051704490233, 4.2206675378751246
3.8717169827505762, 4.7427134116176228
3.0574849882539423, 4.2643187183732101
3.6274844306446714, 4.3002830107523975
3.997390416875148, 4.9007220178731528
3.2880007947624184, 4.5236335037219346
3.9186935250988517, 4.5460764815157839
3.0950098463823599, 4.3717955901695147
3.9961095829329247, 4.7128854235984807
3.1908615014913004, 4.2322643407806959
3.7298339507534628, 4.3624489994098736
3.957221910952101, 4.8550034544206166
3.2097862269121422, 4.472357842699112
3.1029529762038384, 4.2509047245142986
3.774434185349306, 4.6376127534738627
3.4441155573725832, 4.2308829815344398
3.9976678613277583, 4.8433242764707458
3.031910595898184, 4.2858064862661651
3.8603934510025608, 4.4856386130652774
3.2938721131278363, 4.2207579032974749
3.9792663004896136, 4.6209700187413816
3.5818032769392256, 4.2796218511021671
3.9905550164090982, 4.8974313185032932
3.156373784641894, 4.4322995394542204
3.3091858928042277, 4.5091602535965132
3.9091795700976268, 4.7897144571111587
3.0426158271726385, 4.2981703756461087
3.6537802137556725, 4.5301018471147376
3.9916123589592329, 4.6442614843874361
3.2565417172294526, 4.2235611588996873
3.5100607933778201, 4.2520965514904967
3.9998996684344035, 4.8668207826234537
3.0659311917969245, 4.3313206276133061
3.8273615234733906, 4.6920610015905861
3.1568677888708421, 4.238521534246483
3.8074273032936494, 4.4331841775139731
3.9357554488974156, 4.8253203793388399
3.2628800301826142, 4.5089715826666215
3.6681995187326608, 4.3218937152333305
3.0294937322266584, 4.2793082039257424
4.000997949826381, 4.8903215946700644
3.9440773443929551, 4.5745910073924492
3.4064638627904058, 4.2242142657604864
3.1325938353234934, 4.4116785825934475
3.9987149053594488, 4.6832946020380986
3.4773668881306925, 4.443851145446013
3.0793538385310883, 4.2574122429607035
3.9930514895483031, 4.7720129376189311
3.7409108259124575, 4.3712107548940393
3.3302122223471202, 4.2197183065696766
3.9817809804869224, 4.8878867324839597
3.1828252823729715, 4.4528755638435182
3.8905632588306425, 4.5163372041790684
3.0504694999808111, 4.2668310340531432
3.7175271856830463, 4.5835863633823726
3.5460869400841806, 4.2655921985093519
3.9967757118395362, 4.8339793099175781
3.089010689843763, 4.3642056907910067
3.2236204074950892, 4.2273509808228793
3.9633348990273802, 4.5982985060035766
3.9985264101470372, 4.9000939433217257
3.2382528118992204, 4.492149554647316
3.1291892707216893, 4.2444871672992175
3.6958771563981063, 4.338681121840299
3.9949297234862948, 4.7245238085407655
3.4763459492958919, 4.2398216619802422
3.9628230858776452, 4.8627549362424105
3.0332934860372567, 4.2748745061661486
3.5761080122965527, 4.4817060836535552
3.8507199903481566, 4.4759612538579105
3.1149002868535587, 4.3943205266375065
3.8821948493471607, 4.7554617311398557
3.3020802117284371, 4.5189148670928621
3.9972732936686381, 4.663009188548445
3.0539943515732362, 4.3133942909397387
3.9927602353669491, 4.8992001694494132
3.6154641943641352, 4.2945044272973449
3.3581831531782953, 4.220205342771453
3.7836630552384944, 4.4099833335068883
3.995078736494706, 4.8142637621652815
3.0641076922396571, 4.2621066719254923
3.3634794939179726, 4.4590740575788761
3.7895591139465128, 4.6526323245549079
3.1823896608166118, 4.2337142644350747
4.000843599273467, 4.8799058043568362
3.077301677994666, 4.3481926260075214
3.9256520026701063, 4.5536883977958018
3.4167988017937829, 4.2256918484363268
3.9292284910488422, 4.8164243592171614
3.2702553570385429, 4.5138601805531033
3.6412458840681494, 4.307221813688181
3.0400966924238162, 4.2711062156009971
3.9971836776250744, 4.7030583234391985
3.2669914928554769, 4.2226106218855914
3.9730524459728649, 4.8766698770465426
3.7627035663702202, 4.3901453886405557
3.1630914269185215, 4.4377146055298828
3.8393497190291073, 4.705243363632869
3.1097444240653886, 4.2491676656234656
3.9886906831493483, 4.6377637890121486
4.0001986031562264, 4.896819281569412
3.0389573698416887, 4.2938721378175737
3.5368254621670592, 4.2621358151983211
3.8694778134289738, 4.4947894420864447
3.2173904485706371, 4.4776942002514195
3.9937938217650628, 4.7945252441672457
3.1014638584286036, 4.3795218778157814
3.7185697208625825, 4.3540942732774424
3.3209638141945681, 4.2198127628936604
3.9984645392544365, 4.8514939113137032
3.702756062376972, 4.5702179858721932
3.0293686952990146, 4.2807929538383549
3.9586650173137281, 4.5922960804198967
3.4528353492125574, 4.2329806066290514
3.2923727747258487, 4.5244931667649446
3.9881635150873453, 4.8951341553133734
3.1644138328773521, 4.2370315134409111
3.8301710890641387, 4.4555747318699526
3.993383365058945, 4.7474431700360817
3.1382596133848684, 4.4168322307417043
3.5916025994034468, 4.2837665392542208
3.9013568403297723, 4.7795762776352024
3.2319528959659145, 4.2262804765187392
3.0626269473204402, 4.3262956767400853
3.9107549625268647, 4.5375342823822438
3.9516846398018948, 4.8473164424469593
3.552915420839112, 4.470158048473853
3.0953948574331278, 4.2529050957739791
3.9962006893645068, 4.9007829920816661
3.3789862885574231, 4.2213948837026463
3.7583458062131996, 4.6219895558833244
3.1894392824428643, 4.4577598232173248
3.975625025491623, 4.6153724350538132
3.033583905071362, 4.287821804477038
3.5010376657432905, 4.2486657328920838
3.9987360799156502, 4.6777237379728334
3.319061890015186, 4.4959679774032359
4.000206817742872, 4.8704943798023272
3.1360740791863764, 4.2429287177701642
3.6888299429892704, 4.3342190992795571
3.8614674447365074, 4.7305401047681324
3.0538375366793815, 4.2655989701683046
3.8013141061903961, 4.4271894526163793
3.3020075858772007, 4.2203730166898259
4.0010522846914593, 4.8879413283648896
3.244319741472653, 4.4963214918220027
3.8967750214194434, 4.5227888848646733
3.1190716444972151, 4.3986073222423885
3.9930128887564376, 4.7652401380299532
3.5721589257441568, 4.2756808892290579
3.0458065341445133, 4.302154550572145
3.9411205399793561, 4.83269211414511
3.6353546272002775, 4.5170748752252203
3.2009701683976983, 4.2306299632943958
3.9935755263237351, 4.6493613146496058
3.4436589435479523, 4.4400750154821189
3.9796214607060598, 4.8852083109819153
3.0318416261519658, 4.2760035532153129
3.3978260357177525, 4.223161786172045
3.9389719291588472, 4.5686690860202681
3.282657847643029, 4.521305837963487
3.7463962506851094, 4.3757664893147794
3.9972077926192418, 4.838550970798849
3.0859376255311348, 4.3601573056294596
3.8153469661795811, 4.6791967564197261
3.0840222955362524, 4.2560606317159122
3.6606388748127374, 4.3176250830556171
3.9998352891752238, 4.8979764429518342
3.249213031660509, 4.2243017427764071
3.9954959486762744, 4.7187039475874055
3.1762106016194065, 4.4479014708552409
3.4835219975268243, 4.2422496608727283
3.9160385649741363, 4.7987387156617469
3.0691702604826685, 4.336219705797598
3.8149272362339843, 4.4405526282421315
3.3392838633606372, 4.2197455080594057
3.9704369263402346, 4.8731611404024386
3.0422904166940721, 4.2701158301672155
3.9825726888370916, 4.6263913881552163
3.2570313379099152, 4.5050152865626947
3.6712275649631909, 4.5434984283397792
3.6339467598005237, 4.3034974452245391
3.9940925393809876, 4.7998978185030952
3.1229123497810365, 4.2459522545569737
3.883499449040027, 4.5090630313283739
3.1500333739455866, 4.4270416011853957
3.9937936346557792, 4.8998652485278438
3.4353087956289361, 4.228990470435753
3.0305701209182412, 4.2839163826894886
3.9984681160414071, 4.688763785239626
3.7683288702964086, 4.3953569628265408
3.3835464464198459, 4.4499368381635209
3.9994914800857955, 4.8622585405182415
3.2158474101421506, 4.2284159243521078
3.94900102863929, 4.5804214597507187
3.0982713313738777, 4.3757546671770919
3.5547207037347293, 4.2688581627898499
3.7317335371254594, 4.596755236034995
3.2033601082826881, 4.4678050194465602
3.9840636104243292, 4.8906148906380453
3.0674439780166436, 4.2610372492194379
3.877108672460261, 4.7492348208947623
3.2851479864807711, 4.2212631351657706
3.7238275410938644, 4.3579287246377474
3.9955068614034426, 4.8196246687980437
3.0515933053080317, 4.3099622578931314
3.9964238305174105, 4.6589807035160788
3.3051580487337722, 4.5148920150334515
3.518602898665451, 4.2553330800272633
4.0008701271456983, 4.8924748031218899
3.1503915030222629, 4.2398465050652225
3.845736304992974, 4.4709981579608398
3.0299495441075974, 4.2782089971391448
3.9675400182734384, 4.6038978785915337
3.5051348643149778, 4.4510666837940969
3.9599716674192269, 4.8588144399140454
3.1280385512856643, 4.407404641049081
3.6091058441077322, 4.2915499911021948
3.9936381811525385, 4.7420660277295275
3.2314133853221403, 4.4874321873397607
3.3735024827019133, 4.221007458719976
3.7821372861303599, 4.6452170486752902
3.0748326927783451, 4.3446205831232545
3.997987633529791, 4.9004820915107157
3.7022067638224843, 4.3428113191314912
3.0751926932189679, 4.2586479489795002
3.9931764805446375, 4.7786286192728298
3.468147045734868, 4.2372366633002319
3.9148815179882566, 4.5419572787119034
3.195392858959107, 4.2315187899028555
3.8969740285695758, 4.7739698364962306
3.0349372210167651, 4.2738070571884741
3.5970968718855318, 4.4932340153779045
4.0006983735786878, 4.8773348563707986
3.2739256459512047, 4.5162122940660421
3.7889857717608724, 4.4151479128653541
3.1108629903703857, 4.3900407088625775
3.9980330861653388, 4.6678867681484419
3.3070494519151556, 4.2201773029593177
3.9489120239090276, 4.8434688781936757
3.0567854704791877, 4.3174915441484716
3.8647757744044813, 4.490044640968935
3.3452646554179499, 4.4707838105859032
3.9893931725368956, 4.8963554312639763
3.6748157022498358, 4.3257343479032082
3.099304057794122, 4.2518613546217994
3.833469022998337, 4.698732220300001
3.4118872188380562, 4.2249589726981647
3.9980966757836414, 4.8477252839934231
3.047551814389355, 4.2679466585556094
3.9295834422012037, 4.5580486446113744
3.166348934863974, 4.4402887375366795
3.9967012927744019, 4.7074852188408727
3.2617708782962298, 4.2230698483661273
3.5966329302225981, 4.2859522864019501
3.2946854210711609, 4.5242828519272118
3.9260036090470933, 4.8120622994882432
3.0406266081235507, 4.2958009037972875
3.8348197423748376, 4.4601703910173995
4.0009730791152327, 4.8828937364770475
3.1692033590670055, 4.2361157166964123
3.7572421071903399, 4.3851985533082942
3.987231607963226, 4.6348369239267928
3.0918688254839646, 4.3678725717484284
3.4397906411409158, 4.2299260457419008
3.9752423384409568, 4.8795674374340399
3.2137440815949398, 4.4751414221775185
3.7508911893793559, 4.61485106312099
3.6473955116864247, 4.3104390488164466
3.0295054490963116, 4.2815718443551081
3.9943898377413265, 4.7308029269282956
3.3439819108283264, 4.2198078382379816
4.0004555523798313, 4.8956754900190553
3.1395868826208648, 4.2421528017624022
3.8560563085007651, 4.7242301352266542
3.5321499152840468, 4.2603977342355952
3.1412772725675326, 4.4195097196608293
3.9609325815657654, 4.5951852912787068
3.9963229623128673, 4.8290511719972464
3.0604642975322989, 4.2633074936264048
3.7352134795050889, 4.3666326987274422
3.3138236704840374, 4.5026984639647445
3.9001531418903186, 4.5263215137630048
3.2361307654050875, 4.2257717425951586
3.9955678907582319, 4.9006508866541116
3.0800125015912432, 4.3520399209567664
3.6626928087981869, 4.5368134434665848
3.9935526093958198, 4.7894773931652956
3.4880410994572628, 4.243848996897853
3.253723248615719, 4.5027615476971352
3.0346897008739275, 4.2890800486178211
3.9653942332101701, 4.8662924640126333
3.825165987950689, 4.4506350236007091
3.3927729246106084, 4.2226188863464706
3.9774873819087984, 4.6181933984956736
3.1132454201735889, 4.2482935359029605
3.8091905992558814, 4.6727314882313271
3.1861341600395319, 4.4553294049967294
3.9126288264945948, 4.7942371214795374
3.6215982576869394, 4.2974212296999577
3.0382455287803527, 4.2720004988549212
3.9977085712370872, 4.6979770618174044
3.4611158811645706, 4.4412918053692474
3.991649596247119, 4.8983604681239932
3.2810181848232967, 4.2215349446275781
3.104569029929177, 4.3830881811873486
3.7788639287032146, 4.4053566570278129
3.9988219564095977, 4.8551775269339776
3.2853673675351862, 4.5226065494225711
3.8736593103791637, 4.4990254385652078
3.1784461659379493, 4.2344140044106622
3.9931845420617664, 4.7532292813177879
3.0642008089733768, 4.3286898765054671
3.5768019022929542, 4.2775617364009824
3.9904040495665143, 4.6414504620694723
3.5649388973266802, 4.4759851001347357
3.9990081637744601, 4.8995586071219375
3.0869267125143027, 4.2552369836172019
3.7128864396451515, 4.3500691192191177
3.3258523953789285, 4.2197477542901076
3.938344600593136, 4.8288719104113955
3.1531887897041901, 4.4296773233629256
3.941667914508582, 4.571781764742866
