-2.5313553321155924, 6.5926591649044131
-2.9136891777497333, 4.5874556840103411
-2.4135697888423486, 5.590183287258383
-2.0896434787589375, 6.5058902094096798
-3.2089306703162026, 4.6887491214653005
-2.9468307881210198, 5.3504460084793788
-2.6572221714881894, 6.191056948868666
-2.7235700594310313, 4.8965335643774681
-2.2839186824771494, 6.5653373900891348
-3.1271188815640212, 4.8894687135984505
-2.2243546037021691, 6.113135244516906
-2.5561998908799954, 5.2274491042026163
-3.0602528591361469, 4.6449606203579412
-2.43648587697187, 6.6101135278175143
-2.7703254521038643, 5.8413700795840651
-2.1202447457905134, 6.3958193370199208
-2.8487616428569136, 4.6718720421821169
-2.3114796629312431, 5.8629382936104282
-3.0492167138328816, 5.0859087029253436
-2.5737660479668891, 6.4535318601495026
-3.1655993359704926, 4.6689061685341651
-2.1450168303007127, 6.5319553881770531
-2.8611372165835265, 5.5825972858974771
-2.8788083417338175, 4.5965008480967713
-2.1707533058692108, 6.270195148159444
-2.6366011180592936, 5.0600658160313143
-2.4953500926772216, 6.6153034210177886
-3.1776593880785202, 4.7586834100315327
-2.7132070779876813, 6.0272315347096717
-2.4802924388152841, 5.4098246987009944
-2.0916438143965692, 6.4693760309394666
-2.9787956882714304, 4.6131762961881053
-2.6067898162817906, 6.3417233201165049
-2.7858411419839237, 4.786416782664463
-2.3602295864695875, 6.5888431714682731
-2.9989359538660358, 5.2100756615644368
-2.3600755096415558, 5.736632453775341
-3.1969279596557785, 4.6769521215387435
-2.2048181879604285, 6.5441011173191361
-3.0939277798533333, 4.9764598771551727
-2.5512107405248434, 6.5413987549656047
-2.264444143953896, 5.9921041867477784
-2.9417877385668505, 4.596504030749708
-2.8149518675421992, 5.7024176694268736
-2.1054969532487458, 6.5217935421106308
-2.6786822917636708, 4.9791699716244135
-3.1186333365333838, 4.659736677758505
-2.1962065821789531, 6.1980787977748628
-2.516929711909822, 5.3183444877053878
-2.4693110253562751, 6.6155887942829397
-3.1543616850329728, 4.8156681692831498
-2.6854066275919113, 6.1093800563103207
-2.907194677939966, 5.4606689322724593
-2.8680904453241478, 4.6232814357066321
-2.1032181277958499, 6.4363838148971961
-3.2011265654286629, 4.711725533048333
-2.5613604256134521, 6.5016583492380198
-2.4440081275574324, 5.5062725721428114
-2.8158696319850729, 4.7336571180246398
-2.3219809889209166, 6.5769468853431023
-2.7439757274094809, 5.9305697445732823
-2.5979273276689581, 5.1380231430610337
-2.1443879501097749, 6.3383198994124657
-3.0194445623810067, 4.6307154369031975
-2.5169206603747658, 6.6074514767206152
-3.0245246821470366, 5.1458774735927246
-2.2873873927487476, 5.927162355054949
-2.8931207929433613, 4.5872606530146092
-2.1218954014752036, 6.5271928949459275
-2.6293970452173578, 6.2727159097944218
-3.2055054388247224, 4.6820380938391626
-2.3866830657595992, 5.6646384872646411
-2.7529381460320623, 4.8441294703465703
-2.3999257836469683, 6.6007017083620232
-2.9698871965185676, 5.2868678138908249
-2.0877645638172266, 6.4909970131705759
-3.1118199891369054, 4.9303521752576795
-2.7924271453409997, 5.7681659963409446
-2.2409589766771596, 6.5531510740671317
-3.1428939111772247, 4.6645623164816792
-2.2427977614358969, 6.0567236185007953
-2.576890825670425, 5.1822961611290221
-2.5887653298752973, 6.4003392968153658
-2.8602589233447349, 4.6458805357694102
-2.5413601620643558, 6.5726270162741374
-3.1897682387024577, 4.7334819901829412
-2.8842287630075782, 5.5225144654472924
-2.1727586885902217, 6.5372138976953611
-2.7005626828428855, 4.9384608362703082
-2.3361856559823111, 5.7991170849310629
-2.9590459950409151, 4.6040660062810517
-2.1574387117242915, 6.3054412998958407
-3.0725720869510345, 5.0293929578960714
-2.7278985408530447, 5.9820954609180816
-2.4538747957371365, 6.6135373990680257
-3.0883259849304796, 4.6527702383796363
-2.4630086895681935, 5.4551268997339246
-2.0950107323434937, 6.5146075177726077
-3.1426764075625044, 4.8470793718628054
-2.6430035169963442, 6.2325046295821629
-2.8854085648737895, 4.5904416509771382
-2.2097200297646156, 6.157737972833571
-2.9272990689121339, 5.4050187492773425
-2.5071477752338143, 6.6123594272958695
-3.2073561879740513, 4.6981795158981319
-2.5347623571496634, 5.2761716587895933
-2.1109263224046195, 6.4176823887825076
-2.8010003048964198, 4.759900002982941
-2.3794161978368464, 6.59469567809316
-2.8369595339533995, 5.6444116691263648
-2.6564381736849514, 5.021477759468163
-3.182807669355824, 4.672623880856273
-2.567263576906134, 6.478320072332183
-2.3999967842265755, 5.6278668966952861
-2.2615125972751611, 6.5588209180567603
-2.9257953051698031, 4.5905914960167884
-2.6727353950889876, 6.1461296402586258
-3.1656122023660105, 4.7868813933596135
-2.0890105905805578, 6.4806364411912165
-2.985198099104168, 5.245850085222358
-2.2757253743660404, 5.9596635885395326
-2.8335071602295843, 4.7016317935589145
-2.5461816558296539, 6.5587437798052655
-2.4984184155627278, 5.3637594909400637
-3.0383473028936758, 4.6377650089828073
-2.1322742741824068, 6.3675655775106641
-2.7578186311391684, 5.8842303616169795
-2.7390511341178638, 4.8687711637401616
-2.1584503352834186, 6.5344578328928025
-3.0833173697661418, 5.0029914954317922
-2.5977266497716403, 6.3706461880367122
-2.8733544357483423, 4.6068263648832293
-2.4189953991697868, 6.6058888673727472
-2.6167253689350791, 5.0996363550906212
-2.1843476776197539, 6.2324033854964584
-3.1906332242532436, 4.6747513600327171
-2.3242242871172709, 5.8299541354927671
-2.5248109906122962, 6.6008649285791838
-2.9976969885664855, 4.6216745678723443
-2.8728834343759502, 5.552266870786192
-2.0996646537836914, 6.5185255788319525
-3.0370246019439011, 5.1153777808904781
-2.4293824354454912, 5.5463829933791056
-2.6995957289564565, 6.0678376524824822
-3.1957503281318855, 4.7219621123285513
-2.3043741411642018, 6.5715148822108098
-2.9028546894594505, 4.5862602877046914
-2.0966286934348775, 6.4537606709310786
-2.7696017378284119, 4.8148183441694803
-2.2521749415331258, 6.0284093209602077
-2.4831409833570253, 6.6162155047570952
-3.1348138552978684, 4.8685303500840673
-2.7820859584463578, 5.8015567861250394
-3.1043710126879143, 4.6566201386753745
-2.6180099988001992, 6.3070316706495086
-2.545658094179593, 5.2511474475534614
-2.2210176393260235, 6.5479978102936052
-2.9575538268864623, 5.3206691956734868
-2.3721502659190814, 5.7042704205659023
-3.2079142828495431, 4.685251964092072
-2.5561189759190679, 6.5225620769339079
-2.6895526587360878, 4.958837917722609
-2.0880757605996023, 6.4993495692561583
-2.8415886892702265, 4.6862504103141971
-2.232215214546164, 6.0890408308970931
-3.1036361435169835, 4.9516735535940049
-2.3427355318063303, 6.5834111169777616
-2.8259217809235335, 5.6730485908396568
-2.933756379374445, 4.5933455084595485
-2.581073360945727, 6.4269784384636264
-3.1543933358381837, 4.6667455067600416
-2.1316616669541788, 6.5293685445261991
-2.4890244207634296, 5.3874406651365963
-3.0115401533456336, 5.1780964073804538
-2.164162702112947, 6.2878632448708887
-2.536361130579452, 6.583987560170292
-3.171591372243511, 4.7724993841835808
-2.299666146329379, 5.8940113027253371
-2.8708732748196604, 4.6141202702810293
-2.7356814147651951, 5.9574614042266756
-2.6265934722122672, 5.0798690008214393
-2.1260947984605512, 6.3821384495460185
-2.9169800593972002, 5.433714330937482
-3.0733120314946518, 4.6487780837441948
-2.4455754984098879, 6.6120218173588876
-2.6646454331892535, 6.169543875060743
-3.20506438528676, 4.7037334104890958
-2.1885028388083678, 6.5404598314806526
-2.7131161597838367, 4.9154790632744758
-2.452985524502866, 5.4819503153500131
-2.9688061462155022, 4.6085602441944857
-2.2029643937835011, 6.1780427334050652
-2.5013629204437033, 6.6141213274618273
-3.061269559315396, 5.0568256527123294
-2.3485738877423454, 5.7669409706531747
-2.1125427130006811, 6.5245449325335763
-2.8239672917283767, 4.7191341050395366
-2.8030589352857986, 5.7360033650143825
-2.5870806759435108, 5.1606618779891962
-2.3897786119244468, 6.5977726250787612
-2.8976624152597479, 4.5864798869415804
-2.6358444581981013, 6.2535748607859984
-3.1489670185288086, 4.830046795701171
-2.0940217201062254, 6.4614609931221585
-3.2017682158271357, 4.6792874584911646
-2.8957700393115622, 5.4917055007456677
-2.5641881851144483, 6.4904028337190551
-2.7776721034221414, 4.8006925311191706
-2.2728667836833649, 6.5620848186249399
-2.4213972103919823, 5.568465749772801
-3.1310295856447614, 4.6622601495769906
-2.2173952259602139, 6.1344204168992347
-2.7064620421184435, 6.0474715879657506
-3.119440027743114, 4.9101435667295954
-2.091717254783092, 6.510279444735855
-2.666265670234671, 5.0026661017386669
-2.5210308788236353, 6.6043889625039158
-2.8818179012216718, 4.5931763680406767
-2.9376606172966655, 5.3760619965472705
-2.1501848760565063, 6.3239097329765173
-3.0086996985893477, 4.6263653202055721
-2.6121424180878692, 6.3250433715154246
-2.5087725333830324, 5.3381509318768465
-3.1840308603061613, 4.7450495336343206
-2.476099359284897, 6.616072674997266
-2.2815643971599067, 5.9432595039375258
-2.8491622698092094, 5.6132104881466587
-2.106904041098618, 6.4273155625395297
-2.8555072931256404, 4.6572665869218532
-3.174692193472747, 4.6707701750024242
-2.3323671277399534, 6.580178686045504
-2.566399236640176, 5.2049759074728206
-2.7515345584797903, 5.9054754966385117
-2.9921715317698485, 5.2275667207509962
-2.5486685605757353, 6.5504881014575522
-2.9500549016260709, 4.60003125504727
-2.0881623886223064, 6.486214147465355
-2.3795907820536173, 5.6840622253319895
-3.2087640999906593, 4.6929956962043482
-2.1783332129373258, 6.2493417316252193
-2.7603014354465145, 4.8311481140374237
-2.230838450313362, 6.5504892173022071
-3.0552669974173887, 5.0713177586929206
-2.69160721623643, 6.0912980787083226
-3.0488377923607857, 4.6413391072344696
-2.4107540426014125, 6.6037070871215224
-2.4713054414902094, 5.4332215185793027
-2.5928423717848457, 6.3866731619688162
-2.9085673160116459, 4.5866551688394317
-2.2580937963804555, 6.0107742963607409
-2.6464381552816012, 5.0408239002020903
-2.1382255328013278, 6.5306701578603397
-3.1599138899497792, 4.8012176198194947
-2.7760779154952782, 5.8217328881388344
-2.5388771869575146, 6.5786403637261044
-2.8079473014033129, 4.7476869268593687
-2.3179539338014377, 5.8461391722806351
-3.0886755002710093, 4.989659427930965
-2.1377128896445226, 6.3545656140712303
-2.976491395956653, 5.2690334632686211
-2.8648662616877862, 4.6333317120904507
-2.4617904089878677, 6.6147327884558802
-2.5263270401977409, 5.2959292636272268
-2.1023638265632556, 6.5201949658487113
-3.1986164317926038, 4.7165296406892763
-2.6500702179432909, 6.2118521508322413
-3.0965619822350678, 4.6547961832545228
-2.2951217897325131, 6.5686987240359773
-2.4061755891371397, 5.6107206294942991
-2.7311417449674118, 4.8829135247434321
-2.5771969045296155, 6.4408988826058104
-2.8899796348049387, 5.5072330072625295
-2.9880552046398643, 4.6173958717005048
-2.0996566217012602, 6.4455169353734671
-2.7211415710770703, 6.0030557627758814
-3.1868893846921038, 4.673675710148868
-2.5120296495441066, 6.6102643254902587
-2.6069719256093622, 5.1194270591257043
-2.2375144103271993, 6.0728255454442044
-2.8760126192099205, 4.6008997643154164
-2.1806359085383877, 6.5388063748598233
-3.0306411797828665, 5.130902866750306
-3.1310145373890852, 4.8788875492356674
-2.1903864994959812, 6.2150692734844437
-2.3425776400815823, 5.7825641719006429
-2.3693784578770822, 6.5916536111015702
-2.9199386957255493, 4.5888867740341261
-2.808950949732492, 5.7190876189443669
-2.0886882922083307, 6.502677685540144
-3.2068557245779923, 4.6835488416202766
-2.5539445642843108, 6.5310626751823975
-2.4372247240653691, 5.524810600365968
-2.7934188511716052, 4.7731742877933101
-2.9520575401823992, 5.3358978210116206
-2.6236450992729914, 6.2899571968303407
-3.1487419920353252, 4.6656741389660716
-2.115763395332289, 6.4062928837558468
-2.6727896911347955, 4.9902836472435022
-2.4894467059058307, 6.6159576613269149
-3.1076616954851817, 4.9412359628637734
-2.7637227427771012, 5.8640411823422376
-2.1172140675831232, 6.5259665139846543
-2.8890721913149351, 4.588572109127937
-2.2940900253064624, 5.9089412570547513
-3.1808155718734272, 4.7518195618458989
-2.4278894689621926, 6.6081156815542865
-2.5509339397951183, 5.2392256314213146
-2.6787634456890044, 6.1286696970193981
-3.028783228265159, 4.634296224289522
-2.250877402956005, 6.5558456751570064
-2.8553048052931898, 5.5975301602708925
-3.0173588075772582, 5.1635773225996466
-2.5703730480645306, 6.4663290517005345
-2.8291218279443795, 4.7097445685378467
-2.0901794984815867, 6.4750784699069763
-2.3931437739989154, 5.6468345901502195
-3.2082255662934545, 4.6954258649760474
-2.5285915191555559, 6.5964982657411078
-2.7066473441745171, 4.9272890242246676
-2.2136760891802258, 6.1457462847737743
-3.1392517736933194, 4.8564151107338906
-2.5034374268496276, 5.3512809869147624
-2.1971027109457033, 6.5423431735322692
-2.9543609033283769, 4.6019444786120332
-2.9221343667846411, 5.4194081321642411
-2.602106635858541, 6.3565494828705216
-2.1539008061445708, 6.3145116096272629
-3.1247116919781184, 4.6609924835893848
-2.2696425429446934, 5.977035254217256
-3.0677246091420982, 5.0411902041997028
-2.3515105829721463, 6.586142281443597
-2.5923417988610322, 5.1496330576407985
-2.8626710554559631, 4.6395465134873586
-2.093240228342311, 6.5125311647278741
-2.7397082866990012, 5.9444904302196093
-3.1993720838338979, 4.6780267395934949
-2.5438222006746813, 6.5659023287740581
-2.3655827019518236, 5.7219420176379829
-2.7462006622185391, 4.8560566330138233
-2.8315424499519426, 5.658386737775742
-2.1522863952829039, 6.5333071932221332
-3.1685498801250751, 4.7797242245683531
-2.4581312482709889, 5.4681328280128696
-2.5848404894621684, 6.4137802549607752
-2.9296001188523038, 4.5918526243326587
-2.1746491668350441, 6.2595473922586837
-2.9640809300424791, 5.3027078421906557
-2.3131627496953961, 6.5742165393327836
-3.0800660662909047, 4.6506240125105638
-2.6683749680683193, 6.1587490540996734
-2.6317398654935551, 5.0696557223833105
-2.4985455185732661, 6.6147480058522534
-2.8746743644770523, 4.6036358485934681
-2.0877301061636233, 6.4950827286484163
-3.1702626341527376, 4.6698428332813862
-2.247378636396459, 6.0428417048626368
-2.7875704907477523, 5.7836037036952321
-3.0986046660296975, 4.9645854297526455
-2.5586452109317173, 6.5125172559243563
-2.8452560376379656, 4.679009622954128
-2.1233089670186742, 6.3886612779262206
-2.9018351110182854, 5.4752925909198851
-2.330073489027995, 5.8148834009058428
-3.1926606603055827, 4.7278604311400558
-2.4410800182962875, 6.6111071329147624
-2.5716458140421112, 5.1935809035215446
-3.0031434789775346, 4.6240246075814246
-2.2132196857830664, 6.5460879363478659
-3.0052206052059285, 5.1940346883232653
-2.6394088286757662, 6.2430630313441986
-2.4759453852780053, 5.4210974964972483
-2.9002673559279737, 4.5862913290254532
-2.1264976675366158, 6.528267110683954
-2.7171071685043122, 6.0154025254239603
-2.7651500576905361, 4.8226265868382443
-2.5338066114330382, 6.5887149794139113
-3.2034422621265843, 4.7071430804424992
-2.1994686853064023, 6.1884453317772197
-3.1229209906573137, 4.9008058366343983
-2.4051440915805062, 6.6021675917937053
-2.6846244426706165, 4.9680288367135104
-2.3054608969172334, 5.8786867468165971
-2.1013231845236673, 6.4411848561511187
-2.8677715099204568, 5.5655175886325701
-3.1113667283698336, 4.6581810346621806
-2.4253705055510277, 5.5574657064886361
-3.0433968367380313, 5.0999553100430299
-2.4796759912293931, 6.6161960371391606
-2.9735965134072164, 4.6107775249381353
-2.140813126039335, 6.3470635505879711
-2.5219443305127043, 5.3063298210061358
-2.6955115385411106, 6.0798590083634672
-3.2086117893387778, 4.6870829684967239
-2.0972463782109716, 6.5167008289072879
-2.8118387188242853, 4.7408125666120275
-2.2280575362412027, 6.1017849791741625
-3.1569962559032398, 4.808759633903068
-2.2783715608791169, 6.5636962738357152
-2.9329676537370557, 5.3891847910232276
-2.6150567797704976, 6.3160646311404562
