-3.0953041387988778, 4.3565053502338262
-4.3808091248282128, 4.4797014433627851
-3.806256905355339, 4.0350364599582411
-3.3604690756810278, 4.5035493080125697
-4.2272523291650144, 4.2034151244883819
-3.3936830824889634, 4.1224999218422589
-4.210502375291882, 4.4931248847341756
-3.1964986373355631, 4.2578129899061095
-4.0445577008247771, 4.0868626557545333
-4.3417973636408904, 4.374613443612005
-3.1619131349844802, 4.4113755277714484
-3.5951877787445645, 4.0450712267231284
-4.332913860499426, 4.4939609645753817
-3.479847461621544, 4.3834516507956458
-3.0922538249055664, 4.3878603061899524
-4.1441139699912837, 4.1382407982324887
-3.917203658392769, 4.048160563009791
-3.2881441569979897, 4.1826964314861081
-4.300059967957516, 4.2988031748010078
-3.2918734079503471, 4.4720125452837305
-4.3730714208624955, 4.4431129405779721
-3.5051763282320145, 4.0713941067311437
-3.132213272434492, 4.3149957953633988
-4.1806387071382032, 4.4349947743748608
-3.7063029961337577, 4.0337276220047205
-4.3689203439221922, 4.4947146645893534
-3.2316806394328426, 4.4364945139234306
-3.9236193023071344, 4.2463619327050619
-4.2644345124326994, 4.2459248383659931
-3.1127551977123393, 4.3985152921057189
-3.6399070465917838, 4.2756881286067649
-3.9846287280639618, 4.06492510499496
-3.3883237623764284, 4.4755504743260408
-4.2710762120103425, 4.4889065809967503
-3.2440163557906057, 4.2173414937809843
-4.1859455973005186, 4.1672829432665131
-3.4489613396580148, 4.0957455363667128
-4.3602130070668013, 4.4124757039760789
-3.0877935723932342, 4.373735812462181
-3.6533413016188634, 4.0370051402789855
-3.3315628304603035, 4.4977257097333121
-4.3773730243334521, 4.4892917054024748
-4.0942640599319873, 4.1100005067131065
-3.1600548911808812, 4.289433858207917
-4.3208869246154995, 4.3350737985297449
-3.3386542512024699, 4.1514910059009535
-3.8596663355166414, 4.0395511420118382
-4.2327709855232847, 4.4933171548082269
-3.1094685719089652, 4.338375381376224
-4.0789630223961133, 4.3134851846595081
-3.4242627411297959, 4.4300513632049121
-3.5506936438887897, 4.0557324347821302
-4.3791116533589518, 4.4626699207033056
-3.134869309943896, 4.4045742553206102
-3.7589748675313261, 4.0332977642377807
-4.2818090194377136, 4.2701459051478157
-3.2634509772923903, 4.4536741842913168
-4.3064995658811664, 4.4904733309065188
-3.9529817066266646, 4.0560405765367253
-3.2207457866496969, 4.2371225668027401
-3.5488314983385267, 4.3237038673142179
-4.1946144385978004, 4.4769352415771682
-3.088293137978285, 4.3814677572592657
-4.2068122813805235, 4.1843772664686316
-3.3659555541663311, 4.1367287307714324
-4.3550948988645919, 4.4961269028418434
-3.3471388535145339, 4.5038290051675194
-4.0696827274345431, 4.0979920845320281
-3.7696205885543423, 4.2356472878566027
-3.1926937861592233, 4.420615090567896
-4.3513573023078846, 4.3937836795352574
-3.6238840357259927, 4.0403891524896265
-3.1198842782099412, 4.3272079454689347
-4.2472616309539415, 4.2248423792632686
-3.4762131412638402, 4.0834419993109687
-4.3807007255027379, 4.47186001649027
-3.1006311128148414, 4.3936924366249759
-3.8868890836094647, 4.0430702883338556
-3.267789942535829, 4.1978285624350065
-4.1548513349149587, 4.3753659646152911
-3.3738499142723373, 4.4946387002623709
-4.3307513784529537, 4.3533576193795227
-4.1218270428687367, 4.1249042065194494
-3.1762493304944899, 4.2752384533527366
-3.7327387931357934, 4.0331920069046845
-4.2507999384424231, 4.4906351810611032
-3.3119309794146887, 4.4856757451663043
-4.3678769547766736, 4.429928248540957
-3.0904677306106176, 4.3651781799500968
-4.0133030210149956, 4.0745981242889773
-3.4208975255597664, 4.1090718688667858
-4.3455647149395116, 4.4955016847439282
-3.3123349885406532, 4.1668713307257867
-4.1666267869185001, 4.1531244010732866
-3.2114562247074261, 4.4275843436260587
-3.8305830844318671, 4.0367330206330498
-4.3097529884761396, 4.3152577932600513
-3.5091924918275068, 4.3582574183814922
-3.1014984950890074, 4.3478951506492596
-4.2019785045587446, 4.487799496854465
-3.5713301030441267, 4.0502243329124363
-4.3739102760152875, 4.4924592895086688
-3.1458546738279778, 4.3022229125759672
-4.0028308702780384, 4.2704820813877662
-3.4025481334818193, 4.4551687249948548
-3.6795306806785661, 4.0349846281426132
-4.2732999602717303, 4.2579070813795115
-3.1230142468201834, 4.4015293848938661
-4.3765796589366488, 4.4534083574044487
-3.8446296133883284, 4.235186731949443
-3.5252985033191027, 4.0639030741523783
-3.2783300247214342, 4.4629940901307181
-4.2905474787277358, 4.4891243946040742
-4.0286749076612312, 4.0804097525254477
-3.2091655468485323, 4.2469959403776478
-4.2368597078491703, 4.213318811039664
-3.0957155934942042, 4.3907729385676344
-3.7830200663393927, 4.0339321267401873
-4.3796856237951314, 4.4849993201477201
-3.3539122244017245, 4.5045516855271561
-3.3254225576649068, 4.1590413208084769
-4.1878829315767403, 4.4593962878528854
-3.9355895898242945, 4.0519372305173631
-3.1491823996427954, 4.408107175024492
-4.3365593668828009, 4.3644275017067375
-3.6895506809246363, 4.257100008635561
-3.2558878951760319, 4.207426053972509
-4.1554676392485295, 4.1455511517148906
-3.0875938141402184, 4.3775402388945626
-4.3623913715276252, 4.4959163837608411
-3.4506825565453316, 4.4066221467203546
-4.2917106494835755, 4.2852966583680079
-3.4349611590711957, 4.1023232387656323
-4.2207854620353089, 4.4944678568812346
-3.3219947636521652, 4.4921950947734848
-4.1072254932594143, 4.1168075317991839
-3.6383594114802369, 4.0385647704435979
-3.1258947390982996, 4.321152408986551
-4.3641380687963398, 4.4212088092735193
-3.9695461006509034, 4.0604574883437365
-3.1777055199829434, 4.4158241192222789
-4.3206663323005294, 4.4922559279810521
-3.3796273872300415, 4.129634911659104
-4.2162112416587272, 4.1928150602010472
-3.0925483305945871, 4.3610670812586596
-3.8455428282275657, 4.0380692814761572
-3.3800958765181219, 4.4872254983763726
-4.1188102449453217, 4.3395851176978706
-3.4909250269689118, 4.0771610920524441
-4.3801038256537952, 4.4675629467373099
-3.1852953065515153, 4.2674234546853524
-3.5927103605276867, 4.2967964722351626
-4.3155953522930073, 4.3255417540698273
-3.2476120208288797, 4.4446202384262934
-3.7197246466457106, 4.0333724743008279
-4.355479134690138, 4.4023429758107246
-3.1061482865096051, 4.3961553265622593
-4.0581063845054111, 4.0927235384328542
-3.2988387595152884, 4.1754447848153662
-4.2416476624217161, 4.4919572086491701
-4.1956293766276955, 4.1749572362531353
-3.3394639231158076, 4.5014230939840676
-3.5834816463040275, 4.0474444218724246
-4.3716351440825907, 4.4937034796295618
-3.1052937714602051, 4.3432138085192893
-3.9013593575345573, 4.0453339619616679
-3.2322393244113639, 4.2273309565893218
-4.256314325442486, 4.2356186059333476
-4.172938893614667, 4.411346574100584
-3.0898063147845471, 4.3847561994208499
-3.8846635162676653, 4.2398917506874945
-4.3396129515264628, 4.4948365242928165
-3.3017378138512776, 4.4787530150082393
-3.5375115509447697, 4.0597845302069695
-3.1527566437730221, 4.2959561258510064
-4.3708593594541725, 4.4372954398931368
-3.9991835327433671, 4.0696428523272923
-3.3524560484638126, 4.1439131286529749
-4.0428633691347144, 4.2914643982200413
-3.3673125643782864, 4.5002400445525561
-4.3462871153159366, 4.3835134020210145
-3.7710157729362033, 4.0335514573485307
-3.0887561030687793, 4.3696151548844231
-4.2059556223450194, 4.4909866084214283
-3.5261515640050898, 4.3426989815465413
-4.132608552293366, 4.1311988065892571
-3.202094728053686, 4.4239610920258938
-4.3809553868597479, 4.4765387092355997
-3.4624694329366594, 4.0895534374986555
-3.6672876802514236, 4.0358243868630135
-4.2870592679853186, 4.2780592267418074
-3.1680149066469312, 4.2824164157259492
-4.2810119174575103, 4.4887958449645415
-3.1413850920175181, 4.4061802322703558
-3.8734521390341863, 4.0412187267705102
-3.4127702780028781, 4.4424160513894346
-4.176779303777078, 4.1603868649109605
-3.2775128864222101, 4.1903773943484648
-4.3786751967004012, 4.4872898987517527
-3.1144864615939101, 4.3328650939080067
-4.0821568725319173, 4.1039433323955246
-4.3258662369102669, 4.3442213503403337
-3.4072324094309252, 4.1157538350910503
-3.7261523284742895, 4.2453926638393789
-3.2558122581652333, 4.4491889373554407
-4.1913160789518678, 4.4692886584776295
-3.6099225878285366, 4.042477672152236
-3.117440472931035, 4.3999608269343726
-4.3587723669655336, 4.4961255851526492
-3.8174439210017463, 4.0357458491399738
-4.2421242017514968, 4.2190413707879939
-3.4645954799667735, 4.395555764538158
-3.138782186522532, 4.308770221836479
-4.375038898773755, 4.4486698321772229
-3.3267930604109748, 4.4950793839530947
-4.3047168944097383, 4.3066096909051206
-3.9445584431069811, 4.0539865260278987
-3.0979453783112167, 4.3526366123502074
-3.51503509818063, 4.067620401411876
-4.2607112201008261, 4.4895459502045183
-3.2381262802715978, 4.2223273233644418
-3.9666856906656403, 4.2569635572934734
-3.6935887843156041, 4.0342299142743787
-4.3139974737223561, 4.4913693548006153
-3.0979534687211476, 4.3922220332812252
-3.3939974791036267, 4.4671759916417733
-4.2216263817333344, 4.197915513057966
-4.036396425779011, 4.0834904147213331
-3.3187400295499683, 4.1629878124492139
-4.3780433613245346, 4.4584307482934511
-3.222202265355441, 4.4321278741735677
-4.2158375511764383, 4.4942599944948034
-3.7458367707541509, 4.0331675822432933
-3.2026419482225803, 4.2525628522662275
-4.2690488800640232, 4.2520644613443501
-3.0878207468973407, 4.3795526786021197
-3.6161031505976542, 4.2857433790688146
-4.3578877349598955, 4.4074521869369274
-3.3637795410526619, 4.5022634923689848
-4.1143261294356277, 4.1206859051821114
-3.5606988492992864, 4.0529353745555827
-4.3658915387516437, 4.4954393750108599
-3.1695648707424557, 4.4134646996647335
-3.9773129963934908, 4.0627046021538851
-3.386615560312058, 4.1260691133343421
-4.1386918372936243, 4.3562282472954221
-3.2852315570469042, 4.4675397671379002
-4.3336755411115249, 4.3589024725708994
-3.0894823962774427, 4.3675323729914366
-3.7949556644456246, 4.0344381321113723
-4.3804022817505741, 4.4824148901774983
-3.2619571788978705, 4.2024756597738264
-4.1610741283582442, 4.1493052799289867
-3.4941778472890803, 4.3715584178382958
-4.1980602558696223, 4.4829765166266293
-3.1286378556712653, 4.403006755865059
-3.4832178343851687, 4.0804142086161104
-4.2960380591145491, 4.2922163176080534
-3.9095709980268469, 4.046751604700515
-3.3434009402542575, 4.5028341333183235
-4.3272326135081629, 4.4931710608787228
-3.1806397462045655, 4.2714377397009651
-3.8076591364963739, 4.2331296248065717
-4.2010914274271478, 4.1794791092921111
-3.1228474239301578, 4.3241947978858857
-4.3660538217447469, 4.4256177347473411
-3.6312910608644109, 4.0394145120773253
-3.3457812730268026, 4.1475448446478076
-4.1842573684618971, 4.4474046946181041
-3.0909693827127245, 4.3864095499645321
-4.0759117485136276, 4.1009278489918684
-4.3757828838292694, 4.4910118225053646
-3.3069353459219548, 4.4823030211550483
-3.4417841286708946, 4.0990989483592823
-4.0064442081840692, 4.0721447774985995
-3.4365050680154146, 4.4185717622213962
-4.2982289622562178, 4.4896634072532189
-3.1851804330420475, 4.418135323082609
-4.2522753583763659, 4.2307206204202563
-3.6867849143078923, 4.0345681986458466
-3.2154613753578221, 4.2416273801237541
-4.3487573061456333, 4.3884852294119359
-3.099663353302013, 4.3502907422422865
-3.8526456494256718, 4.0387868530673829
-4.2269854301851817, 4.4940573656771612
-3.3769341293225512, 4.491198144057277
-4.0612571936873181, 4.3025463164575664
-3.3046455926001586, 4.1716847060400877
-4.3503579902959046, 4.4959052237428443
-3.1091084287903468, 4.397271440778634
-3.6020482837775574, 4.0438113087389711
-4.3129132258044125, 4.320788221683598
-4.138377510114565, 4.1346859435833148
-3.1424500703635365, 4.3053569279289015
-3.6652732988179149, 4.2658436105834925
-4.380880684819731, 4.4740696218251159
-3.2708590355622635, 4.4582240149035472
-3.9269139239706043, 4.0500858732221037
-3.414056927250432, 4.1124016970799273
-4.2777250314432598, 4.2641809833906681
-3.0876124835896221, 4.3754285540702229
-3.5682742536261327, 4.3104175847725354
-4.3696021818864716, 4.4341344638028417
-3.3568434585275475, 4.5043380327700753
-4.0515242155085538, 4.0898352873398967
-3.5438786511029168, 4.0577754446071905
-4.1666051993237261, 4.3960653558499718
-3.1551238005551729, 4.4096064208726986
-3.7524035605809249, 4.0332134482609607
-4.3393998350762804, 4.3699262453900705
-3.2499255491671519, 4.2123763169539679
-4.1904481908366114, 4.1707989096073019
-3.1118077300241795, 4.3357713494412939
-4.2556640988995724, 4.4900467245327587
-3.2391982648482753, 4.4402049375252037
-4.3796300266647394, 4.4650479747087362
-3.8802144688008462, 4.042121582738579
-3.3599975052777373, 4.1398752137535029
-4.2321070244976395, 4.2083355768336483
-3.1638764412699927, 4.2860537755616921
-3.9447789959618067, 4.2509813966510572
-3.3843963017356931, 4.4812852293287779
-4.3426247226499717, 4.4951910359266192
-3.4986051825652931, 4.0740103518963977
-3.0938700670537562, 4.3893544848341026
-4.1005357350007063, 4.1132513749791597
-4.2130322874142889, 4.4938110678442778
-3.6602671205519908, 4.0363877039588916
-3.3171944439131025, 4.489146874159343
-4.3232797220853474, 4.339448588600221
-3.2827458706786059, 4.186535150556475
-4.3703179423583425, 4.4942461862391037
-3.0937891392779364, 4.3589255260209852
-3.961305438958183, 4.0581967291388965
-3.8237767852059461, 4.0362004802691436
-3.191103663184311, 4.2624336517102499
-4.260554808412051, 4.2409227166919035
-3.4720940536315479, 4.3896422088570706
-4.3621349829078007, 4.416707489199684
-3.1033828055491468, 4.3949963592562717
-3.456481805876745, 4.0922776363359716
-4.099058204691584, 4.3261437751874148
-4.2857466624012499, 4.4889086058906882
-3.3357038232876657, 4.4997886944541037
-3.7132623206019431, 4.0335215929936759
-4.0209793398904434, 4.0774465003588976
-4.3792170461896403, 4.4861810707184544
-3.1293066920442616, 4.3178047449070025
-3.5773581363262195, 4.0488037498848808
-4.1721206522421159, 4.1570077507713581
-3.2166631075207159, 4.4297330607634304
-4.196335450582839, 4.4801870845041956
-3.3320737836895109, 4.155206119346242
-4.3023981595953149, 4.3026991898444802
-3.0888838844433746, 4.3830139723750703
-3.747230920776309, 4.2398990472882163
-4.3773077440721382, 4.4558241232870337
-3.4074268138491308, 4.4488557958172725
-3.2263550666647376, 4.2323420651471215
-4.2117263435014545, 4.1887256690370362
-3.7889983903232602, 4.0341695693528541
-3.1450767557799924, 4.4070890720905176
-4.3528665571458305, 4.4960490839935003
-3.4004366438989968, 4.119122013527786
-3.99191518040625, 4.0672370810631584
-3.3703389619894319, 4.4979461242632093
-4.353352949890283, 4.3979013299549816
-3.0882012717438765, 4.3716254996652717
-4.2371864083020494, 4.4926510216849769
-3.6170645668416905, 4.0413667845911165
-4.1272273155070129, 4.1280218736212122
-3.2966129302900256, 4.4752435926181438
-4.2845740996335904, 4.2742793478272434
-3.1559229116082403, 4.2931147360238615
-3.864811731249175, 4.2373250131777143
-4.3809101178229408, 4.4783325615026683
-3.5308296976866886, 4.0619954567587682
-3.5363486361172285, 4.3337265273554761
-3.1070070886833054, 4.3411947903777914
-4.1775606191688839, 4.4249060799911657
-3.894410324585877, 4.0442105905699384
-3.2932700576719345, 4.1791646286021127
-4.3103817721970685, 4.490921064470486
-3.1201809232701327, 4.4007484678000193
-4.0879973872609927, 4.1068300192665443
-4.3284271800828122, 4.3489910784947794
-3.3505310921352591, 4.5043844294577431
-3.7387342446076799, 4.0331615223392268
-4.3740348115356484, 4.4457786052667476
-3.1972078891031996, 4.4221866313015132
-3.4281227424284317, 4.1055880567987693
-4.0224706578604721, 4.2800561909227461
-4.3642644477994006, 4.4957011757067908
-3.1721422714826488, 4.2788096331450385
-4.1502179236111587, 4.1421240174691487
-3.4432238857189192, 4.4127779364362345
-3.8383610507088055, 4.0373987702500855
-3.0914403537674926, 4.3631516299192707
-4.203913755861965, 4.4895335265273966
-3.3727352780860285, 4.1331903261672958
