0.011655250773112191,0.004610441541455124
-0.009597983000339844,0.0027295317082069726
0.003454979914117251,-0.03482770830325449
-0.06032083243923994,0.014781328795194448
0.0012560138320581726,-0.1479038909955079
-0.12185806194390361,0.03579532534000188
-0.799859794056093,-1.2181791264766548
1.963696528962383,-5.591543273829788
-0.8963764072377222,-0.45206905950096143
0.033882584237851676,0.15410640941181966
-0.06296282515441656,-0.04441566897931934
0.038445725412018766,-0.033882384784622355
-0.0396140035467038,-0.031600096326492244
0.004912642391296823,-0.013010105351235313
