0.006049609599013332,0.00042787305644795894
0.00758461193476092,0.013606648305848776
0.04497015686728358,-0.01443388443807875
0.07234827899356497,0.01615943215525487
-0.01211465262928819,0.036226421491424535
0.039825187452344556,0.14595721801426415
-0.3499568423428413,0.10403320207462124
0.07996958402887436,0.5517209516925362
-3.916850796546904,-2.2148380744848133
-18.025989992051887,23.79716597402653
-1.3450915859572166,-2.2928301960008914
-0.6501312397113183,-0.034210631445177116
-0.16223492480202392,0.024455735284197127
0.1631925087016193,0.017036501435001586
-0.026703034424895442,-0.08627154187718947
0.060596862256965214,0.16186415774936633
0.03516478220357334,-0.0023031523411112683
0.006585300695289541,0.06763430661661336
0.03325264601465468,0.013206705145148222
