-0.012077973720981384,0.00386480998432468
0.005033756746144036,0.005909899655279105
-0.014082384184537845,-0.0010832603218976723
-0.06658252350891303,-0.0124893761656951
-0.12235694966574578,-0.07840224537839885
-0.4030075049254174,0.23905241376273123
0.11431277016912277,-2.3543553630715657
-15.772598859236613,32.29887253125484
0.9348327869450928,0.38078753220080835
-0.04139583688548765,-0.07535392571845599
-0.04675519351859965,-0.08533825317145355
-0.16338139163842735,-0.151585571009295
-0.13757406087977878,-0.027081508047212835
-0.013433229484448361,-0.019035202957114805
