0.008446524337032893,-0.013140190073327156
0.015459795561790958,0.028892271179618578
-0.011884672244585387,0.021875315706315786
0.05299062503312902,-0.0040138468513108835
-0.02725690118964668,0.02193073911694975
0.049916252886537255,-0.01792206962923374
0.06418007719319928,0.029260583865483945
0.04084444950028926,0.022134619925203592
0.07798536225557506,0.04848139276153567
0.4260502777967318,0.29041918053686117
-0.3553479591144936,1.1294346406232403
-30.320645206667855,23.802058117415704
-0.37694471443936733,2.787532648341997
0.5627110925618096,0.11389563259678703
0.24547966202857266,0.2596776625765995
0.060558166513928084,-0.07252361298931384
0.05269080698999094,0.009000847669601892
0.003118235985334833,0.005442637029139335
0.027593686195575767,0.020435055105201903
0.03367574109884216,-0.022989308610760185
0.0006000918829821172,0.018134286935919026
0.0007596482361627236,0.0066962209829088595
