-0.006389844941793386,-0.0024247504475965716
0.009215544680593296,-0.014340421668324022
0.049877344484194175,-0.016725696848473397
0.02844292487194657,0.029693873263267702
-0.0212920853626664,0.10750816639971822
0.058300025281753966,0.27419842880542744
-0.4059647088051293,-0.48400497276025517
-2.116246737402462,0.2638810785986432
0.6275180692467484,-2.253028595680868
-0.8402303878572757,-0.9892311109877885
0.3029362384631541,-0.38108460785332604
0.18235192807099582,0.06705977472368803
0.02231321336297639,0.13369526749860575
-0.01908856525325828,-0.006135386624542699
-0.013342971046419717,0.096494592489491
-0.058261441816397135,-0.028605112999049807
0.0028953145579762836,-0.0162514262875428
