12.093273450019556,9.797840613042585
12.157596073695542,5.175977610751506
13.974866082717153,9.35689215079194
11.458164269729492,6.729691379389706
13.248418404373782,6.180881842690029
13.07943695759683,9.67894281117948
11.603940557183623,5.753390392685218
13.648728895962822,8.165292664527758
11.879404248013568,8.36035961152026
13.759984510436365,9.629225116535235
11.907871199200116,5.345750000820531
13.249936207580351,7.125093263154232
12.393960603555978,9.83323560847353
11.565139516436965,7.385037052263784
12.704573333677297,5.87774311598751
13.924784644307609,8.889597007981276
12.074302109303645,9.217511941924023
11.48431654535699,6.12137316155639
12.276639629853362,5.303323752520626
13.498276086684593,9.64843882178166
13.09355552841813,6.048429313174436
12.201935902264532,9.845057571023565
11.731956925561196,7.8323885581121635
13.816355246383786,8.561272369478557
11.7615392153529,5.52293193812511
13.912584598417435,9.527179817261434
11.456989122044131,6.420154232697298
12.686828774218208,9.771856892101223
12.057208853236045,5.2128048698034855
13.418031959612446,7.62760731652248
11.994077574159672,8.826628244960483
13.17818721148258,6.4125453409635575
13.976051895501666,9.15810104858691
11.490057019288198,7.052829649275688
12.096459564732644,9.633324535167128
12.360025833158012,5.521395559022434
11.530789594589956,5.912212252146277
13.305069697420539,9.651122748666536
12.219230255546478,5.202764374615862
13.850185888052312,9.588402629417907
13.152690978286282,6.800977840471189
12.100881363960058,9.452321162998015
13.538665810484625,7.920461132955731
12.927092726031818,5.979211081670924
12.529558691673444,9.808444961024701
11.685336068975511,5.628450508840721
11.808397300691654,8.08933429121807
13.957222809796178,9.030424563869076
11.985606561273334,5.268660144973722
12.13231195283505,9.830699633950898
11.46989917736732,6.891359320877216
13.953777007407478,9.446427238116872
13.20556337798413,6.115579358008367
11.635992474813396,7.581082436500534
12.881775407828545,9.72268524821854
11.467732637775661,6.258759974934933
13.745844890181752,8.386845260962314
12.112819495184976,5.184258563945064
13.645300193611266,9.64668542050465
11.94391528901724,8.617743535301516
12.488646714184119,5.7157774826892265
12.2858295827672,9.844975173521412
13.329235400703197,7.3681961535112634
11.83415769490011,5.430491839627921
13.879075133177722,8.736692301519994
13.24055483610087,6.266382494905007
12.084753042879985,9.737471845454127
11.454118601836912,6.56797047508807
13.981237886991407,9.268900739170988
12.248537335917902,5.242375802808144
12.038293771962142,9.025887427615878
11.506752391495779,6.00074101315561
13.195724505476356,9.66091912357161
11.5236766872801,7.230230626793491
13.808473443688024,9.611819285955415
12.313021501307611,5.403910663585414
13.477849794126126,7.779033678253963
13.018035709255887,6.015865484623263
12.605744613290291,9.791449272361811
11.567099564586938,5.821261237595158
11.845010684798451,8.22692875923844
13.935815950493252,9.4888323029376
11.948008537971646,5.304153689707642
12.163196511346266,9.839869656561977
13.13326058597158,6.606167179575768
13.700768494930575,8.282283731194013
11.682170927334305,7.695791226080891
12.188221320892321,5.1819657848665335
13.5743077015225,9.648829780640602
12.091704226182578,9.341910778699733
11.647328460650526,5.68459499290144
13.942331044561247,8.960031257911812
13.164095148367677,6.08544719480453
12.789951301440937,9.745804414291293
11.45519322985843,6.648381621865068
13.20515844073064,6.988941861279184
12.08540097902388,9.771805996904678
12.02545008815628,5.23540880200627
13.980330895785775,9.216690489999676
11.505191425376868,7.141435020060451
12.595954700799767,5.809736131281142
11.969397559926295,8.722454831397823
13.8488998172289,8.648952230684893
11.475191982263194,6.1888531675795315
12.340100707015399,9.840261054278375
13.70681236588766,9.640384097922993
11.79782737452669,5.4757126577917745
13.251034943659365,6.219139997601732
13.592608019528344,8.040964659617071
12.98184135414194,9.69900789049299
12.135382787277356,5.178022590709825
11.771928371082721,7.960126982513316
12.10186740368927,9.554315657761192
12.819319747445954,5.933928300020724
13.88519591241156,9.559384150408631
11.460904964159662,6.345618914212227
13.367895304846867,7.485949140267819
13.40216111737315,9.6480591373262
11.72249676487975,5.575916294915164
11.594420647155466,7.472611320941042
12.457888170894652,9.822610056892609
12.293296638089478,5.348203525881658
13.967390188171878,9.39832343413819
11.912367624249224,8.490742993248803
13.232633780831714,6.145784865668967
12.10913571833052,9.817160420766374
11.546756718804817,5.867643082488798
13.903285600582798,8.81368205979184
11.463750127030513,6.820179840473591
12.084757496006908,5.196643166618743
12.05679623073302,9.118644317165913
13.28887529969322,7.243295825153679
13.968692336464581,9.098314651935482
12.410682768951201,5.614957460178352
12.242792615383328,9.846415459821504
11.872838000957145,5.3847782607092824
13.780443317242936,8.470336278055884
13.212040650010145,6.335785733760301
13.138153904567456,9.668927002392172
11.479467013791604,6.977003887070348
13.830278602912273,9.600789124060377
11.495421907103953,6.055518098833122
12.016943441040794,8.926925655191324
12.233725386390788,5.219494181816152
12.089744757992849,9.690022061265513
13.979302489510374,9.315053495919564
11.543604224723635,7.3105114501485335
13.128727866948099,6.065584535776055
12.736912347796496,9.759284026897639
13.507979674796628,7.8501913165482105
11.625332650507053,5.718604740001255
13.611265061550114,9.648198599065802
12.20252649496435,5.1893466362300495
11.454783637733652,6.4928770613487625
13.176652541133695,6.895305498788143
11.862211355744222,8.293275965698069
12.493259588184964,9.815877370119027
12.87304055772771,5.9570554259034445
13.925012706581757,9.508338964363409
11.928315703558695,5.324119426775894
13.675822017357591,8.225841773956757
12.097366408885541,9.399310950616407
11.707290018391397,7.761939902206807
12.334690162764442,5.46191204357372
13.448911009402423,9.64799773397159
11.517582294747712,5.956959940764768
12.146949404264777,9.835847644217948
13.148551590259238,6.5018852162693666
13.864673170064467,8.693881126560191
12.006453540528598,5.250646861839359
12.93138493688323,9.710654742321651
13.392690529873727,7.557853006452266
11.463947470916704,6.302863420869227
13.963553160877286,9.06562922116233
11.92837456234471,8.554879047201325
12.541707316286544,5.766785540235729
13.735278020863309,9.635241942074504
11.742163367075396,5.548947789246469
12.311728354510551,9.843068812038908
11.613899832852072,7.525008747875705
13.242159308982393,6.162783544273546
13.961306550067391,9.422495780883104
12.262290173967159,5.269390089872349
12.086680737715412,9.715658211347018
11.460599951230725,6.774093032645065
13.619038413668418,8.099457331844356
12.171815702831354,5.177300868251711
12.082750097484924,9.272552125823381
13.255885534719381,9.65464002496241
12.979298904460014,6.000174430370998
11.790845305739948,8.025909158996777
11.584029091484794,5.788303161320222
13.914962188872689,8.853805803072945
12.642642356199644,9.782684695657043
13.229290947520523,7.062906342291864
11.852947186141831,5.407958969800831
13.870424272287591,9.572953209320342
11.497348470706378,7.09779983591391
12.100079277748753,9.808115142787273
13.228947615789668,6.297249310625349
