5.052599880488959,6.53304746099528
7.89906328521978,11.46677303438505
6.057024168987432,4.977640345063581
6.295940565866168,11.036963175771527
7.617884226655121,7.613926714140192
4.766842660150601,5.521756253035204
8.127492595763687,10.2549915711166
5.8923770112372775,9.002140393156022
6.763376190862944,5.929899664239605
7.151142544740615,11.543941504617615
5.388255078896417,5.156256934132893
8.205064437618017,11.070489197619857
7.8106178691029235,8.801083160899012
5.46140429175157,7.602825931104028
6.633546056074337,11.344625335653758
6.344878558552903,5.306014092575673
4.72792934787887,5.799956139797275
6.180790261584145,10.221088244770787
7.3498091732710655,6.8673541125787985
7.588033428302079,11.571175949373076
5.748390908102412,5.020606056156036
7.999262578208924,9.617471926387203
5.005940406290094,5.343089070572994
8.109619315302513,11.288274770839543
5.685001781111069,8.310721632242945
7.051680431880477,6.413093698596858
6.2368809210040315,10.739878424720011
8.194987501986642,10.706055170034448
4.864885028155889,6.098255090940807
7.697402572466508,8.152880976585132
6.178689512442759,5.0926996269122355
6.895721834903682,11.465326387839461
5.252996161648467,7.04202525604246
7.394945878095397,11.578779408050172
6.555653453591152,5.601279918494049
6.07881439701011,9.624517208041038
4.706147671647244,5.633462294382345
7.911109039873503,9.251343384489186
6.4283135616056555,11.2093242146815
7.521220905554266,7.195586897736654
5.204092225979453,5.239405996446857
8.01529986092374,11.38527410956901
5.91888991756479,4.97481477337729
8.2121514798512,10.897675876925021
5.5797564411375475,7.96319741363812
8.073368257457371,9.958060817921313
4.869937488891583,5.430532764136423
7.735145347169862,11.53858045826286
6.90592755764721,6.171483744371111
6.212474829362282,10.503597146626323
5.579641792472376,5.079620210131206
7.657077601151247,7.876983698167623
6.762418206847963,11.409203195875547
4.95904519874464,6.307751035833334
5.800125360904278,8.700059410630546
6.4451846991260275,5.442246000008521
8.171402967550675,11.186611714312741
7.221823964776394,6.673974861590787
6.350127233889088,11.129969787093358
4.704022693360418,5.710762006741573
8.163226723243111,10.477834055439107
6.112048877531436,5.016796522060748
7.273702215210564,11.566930835509782
7.7531967640466455,8.497150973204683
5.161435543369908,6.807655284687111
6.1355088094248895,9.90547315741893
5.105728043451183,5.288518143665979
7.818349403790776,11.507468998422622
7.571835095934443,7.369245081128975
5.837614398094917,4.99400609165246
6.259352253380959,10.904038149863466
5.364010177578422,7.332414951211374
8.037606179228778,9.786320104428563
6.661198804173775,5.763482738204535
7.024579334405505,11.50987009165041
4.783449600534951,5.927507180916605
5.985364140821401,9.295827154633121
8.212708104382566,10.989953721400234
6.256355937976817,5.190665934795233
7.859342160651265,9.02874434438477
4.812399696177668,5.476522246449996
7.498514001424697,11.579134176447338
7.443319650232741,7.024228320896614
6.52636999324789,11.28101619065003
5.482242246697609,5.11743698205508
5.740343304419659,8.49832455003428
8.065311553536265,11.338765617645835
5.995873148442243,4.966374420623581
8.104352574423567,10.122165988503449
4.726076696425718,5.579636540008643
7.133057603715967,6.540284152249607
6.19822099969366,10.370075327179698
7.723553120411069,8.320671413363362
7.664202600542506,11.557582190546253
5.105392871665305,6.665322235723439
5.2928837662275985,5.198058461145127
8.181296340513924,10.601554445283904
5.522082861071457,7.782920195643385
6.698113788466365,11.378354647695064
6.831700434768132,6.045068686533771
7.953336504566655,9.425958645459778
4.821738157094785,6.007494470728229
7.958681467390127,11.428856587174643
5.670425393379576,5.04672345166794
6.275195313556724,10.975360793476666
7.596716811096691,7.490052728198458
6.498015569149564,5.517003992695805
6.034448993799369,9.45753794117338
7.08863177699387,11.528359479507722
4.935765626574359,5.385643673263407
8.19055429744388,11.134711977666017
5.308850794052015,7.186648964651222
6.144389186973326,5.051613489971943
6.225916820281865,10.635615817568134
7.67530178879144,8.00334840037203
8.205727265455373,10.805686884816964
4.712784216384279,5.752996199522416
7.290741746332262,6.776961188327849
7.33489754455273,11.574355262176459
5.8471744832733705,8.85589292748633
6.300822139383209,5.248130813403194
6.474488411308549,11.24536517078359
4.917034119436821,6.212012922101855
7.784181210676255,8.666781634324968
8.141682426588263,11.242588853125072
5.958657457314832,4.968631289584514
5.632078864720658,8.133592012284076
8.145368360604698,10.363624838063977
5.057168830923155,5.314362879021064
6.835504854732951,11.441242553587928
6.974087495817454,6.286345224782168
6.158329373554581,10.05241304989499
4.743903640685378,5.550736052491786
7.7785448626730656,11.52362077940199
7.486841414006413,7.111577147081618
6.613013940821549,5.688148817351077
6.322866961598335,11.090504555412783
5.529822342883591,5.098652941337032
7.977033772423603,9.523965177732423
5.2059582233081745,6.921374320802379
7.451791861896048,11.58016985127633
7.637254403836755,7.740537919773026
4.7528094800167455,5.860861452282674
5.940849727171226,9.155549545986226
7.987573789879578,11.407650347958757
6.082275546481217,4.9917030585090965
6.961327512596174,11.489207341224065
7.883756129984334,9.135544826706052
5.249199264667643,5.218085242465556
5.415946865886482,7.4740778008282005
8.21339361816624,10.945249328223934
6.716094312966421,5.851846702790905
6.246944617671517,10.82361007455869
5.005337876063717,6.417386834613822
8.08894094774667,10.038602134020357
5.794284546744141,5.006393977022478
6.578157214397285,11.313129778578585
7.549034964386191,7.281047983884777
4.701868801642146,5.6659427882684295
7.861809789939429,11.48695674859076
6.1102490649988415,9.767573337387349
6.393844244010696,5.3716642114366895
7.213584365482381,11.556953256285004
4.900951298396047,5.408622309747283
7.832260750612091,8.905001325723644
7.395197857062593,6.940287350210096
8.17304285201297,10.54370560444699
5.712863909977218,8.405063928781761
6.2159323691991215,5.1392028291044305
6.386575221496292,11.17108887721114
8.157201319424328,11.215728085792874
5.346323959918022,5.1743249074685975
7.012818881966723,6.350262774776226
7.548930676035457,11.575660549284022
5.55062866160775,7.871069045142881
4.789439400404678,5.497893192878972
8.053975620723612,9.862843699630945
6.189770451722447,10.295811228020689
6.02642517543207,4.968817001453528
7.71051448459176,8.2383959699948
4.890706900534354,6.1539141158242066
8.08759690239588,11.314752119803824
6.866277741813892,6.103948188719356
6.797641077446427,11.425033738418087
5.629352178745975,5.061306628256221
6.010354246349145,9.376444376817831
8.200989203788982,10.758318713143746
5.132612595642994,6.734295409438517
7.630631594007884,11.564396629331949
5.148790284059848,5.266535179035022
7.607576823858652,7.5513554083565
6.219717579430551,10.57449100086481
7.178362739343505,6.608952148741902
4.713565341009151,5.607749386630667
8.209542350985332,11.035897668533076
5.773716853598643,8.611299296616272
5.880143856240025,4.983141369265133
6.28512383473724,11.008066355367585
7.932207804532636,9.33890415319545
6.526286441293035,5.55797278329161
