7.8437422607992495,8.87461876890234
13.838718274573036,10.874936120619571
7.344070470924837,6.930374887970763
11.5184280419262,11.922272966390855
13.950117083106758,9.741624141018654
9.275450561300358,10.540393522409675
7.4635490542567435,7.659591334347969
12.937404332779078,11.836072230170515
12.159720552252852,9.749872386385247
8.463784133409382,9.683151483670269
10.506575971667157,11.463938880938041
7.50433056729932,7.154005604296623
13.991747799563866,10.19395354607345
13.455144502259119,11.467760312538992
7.591208143096932,8.248452178089941
12.223876306445813,12.002188361797343
8.78082234284711,8.77129249884407
13.459776265153778,9.782617266489153
7.347980077935706,7.045290836288957
9.883911793320594,11.017244484116986
13.693897072131815,11.186160784026697
7.971153300288345,7.842623653411995
11.016300899774555,11.757704748593172
14.015208015869533,9.893091607654005
8.828336694415409,10.098210261421823
7.405786085693336,7.358245137174254
12.603830608217923,11.954187052596131
8.094545756854906,9.234298458065318
12.81081220546006,9.827843745295723
7.381010977169423,6.963238322989532
13.930295885937152,10.528547712197529
10.140965941743552,10.024540222755487
11.866371456280309,11.984626483142364
7.682983977697885,8.540069615980887
13.793805503371317,9.72455447529044
7.711603560210989,7.476069965259468
13.21440108516528,11.669622016267645
9.577687601631693,10.78992848861138
8.359922398851914,8.316639396505106
10.764012743490843,11.630498219292457
14.011359701020172,10.032910526279704
7.367898333050901,7.1583696479050385
13.587130443579388,11.32859888343731
9.314648808547872,9.35247408416153
7.521420022700216,7.948996607656375
12.43169470209174,9.78373467792758
12.418686913055659,11.987501361603256
10.192981316789973,11.239031148313567
7.3376734369937076,6.956419367974687
13.889448537092004,10.70170017716795
8.2768341647372,9.460292809838446
13.99422210923517,9.792736201128436
11.283357778769156,11.85719246320687
7.602683910609764,7.309636128251466
9.032855060415063,10.31183081008932
13.079114801998209,11.759336316944868
7.755167315916363,8.709178715932365
13.18447746929003,9.819421719986451
7.428939956922495,7.034214580892214
13.774884582385074,11.038168934546121
11.038401528000506,10.38508523462242
8.639659601737456,9.887430620489535
12.035283536001806,11.99941623598827
7.491955272757918,7.804683697365892
13.966669295841148,10.34503692829834
8.15926652014749,8.082353804264955
12.77615478620256,11.903396436783595
13.669068032894165,9.744055301821545
7.965378349899346,9.061205998883647
10.348754063520245,11.351407288838345
7.357043111775841,6.935490252069446
12.01913708054093,9.899017932858188
13.346206726354836,11.566095866553288
7.431491018624605,7.492649517047184
9.425633459035149,10.668633663086434
13.892406359889472,9.723010084899157
9.020630474886062,9.036222739540749
11.677279978916033,11.955798711961641
7.557900734647067,8.11404755748909
13.808586466874875,10.958581349934581
7.383517824224924,7.241484497360547
10.893296145562099,11.700327203187639
14.015821676074866,9.960133448713574
9.663804296245132,9.683501281462828
7.636813169831015,8.406587129866098
12.514621856033498,11.97279148646944
7.340734519449811,6.994985150288979
12.99775049307372,9.830106102429822
9.743183648215908,10.91475834274039
13.526006800440861,11.396443608137664
8.186554391384343,9.349994072278257
7.823950622938252,7.639976189642693
13.949787868517777,10.434140056458643
11.165145400268159,11.816909723939363
8.563880107597964,8.538541337982178
14.007180123006213,9.832138797438008
7.461356785184563,7.08536886218067
9.139612499367912,10.415830833068997
12.860460217463983,11.87073588761611
12.27971502258224,9.757128754916804
7.339177017016016,6.93805276010689
10.048786057303632,11.135537538680724
13.649044930096426,11.250965044416661
7.899418043690954,8.964154928060562
12.128507979903244,12.002716590244962
8.72884310162357,9.988403063772644
13.57399710723395,9.761917057120483
7.4466020137338695,7.57154575438554
13.909058190216546,10.62253897417723
10.634741354280786,11.55078113699836
7.553454807134862,7.232224858447503
13.15027256416596,11.714202064878455
8.376096182763872,9.579353423014558
14.002646207966496,10.114515554076338
8.060287683130127,7.958823662394997
11.412359418390563,11.89524628484616
7.356182602741539,7.093754333127489
12.615132816707327,9.81127890430718
10.511617760684627,10.218172973289995
7.716378987001132,8.623321626227723
13.973549411595332,9.760886221904329
11.777638739446044,11.972640907279347
7.538546841326438,8.02863795201845
13.737605142329617,11.112539652311478
8.93182540113359,10.208540713176069
7.399555305059955,6.9894958778091265
13.287394891018582,11.614294821246224
11.732460498657227,10.261725461906037
8.897759476578688,8.899847634882505
13.846467539295052,9.720868931806303
7.659100822962346,7.396736589686942
12.327693252686174,11.996762178690375
9.657473720332968,10.850865432189078
13.865846719957528,10.787740978271172
8.028260508268279,9.147575121494041
7.366839200420518,6.945440002238147
12.694598842705378,11.929994372874296
13.328528462473136,9.802967272190308
7.613036771007806,8.327739835667371
10.427421877751526,11.407922509939253
13.98028174175878,10.266689444101743
7.394754795740715,7.300506058504356
8.552808130235261,9.787277519914575
11.089561833603765,11.788126061554443
13.404941740505183,11.514611237921685
7.8880415731779685,7.7298807161211425
12.087932431389993,9.7830226025299
9.347105430278072,10.602744291840391
13.924264416798808,9.729964238650073
7.477879378587794,7.733312844234666
13.00736377433309,11.800333272091406
8.460243566384754,8.427164856509233
7.338580039496501,6.974078331553766
11.949337968387766,11.993252084009926
9.484412477007576,9.520809320318431
14.016259890174261,9.926096414174047
9.972065103688731,11.0805859895985
7.797241805965065,8.792140563212433
13.823920734385958,10.917634741831135
7.418187684163264,7.423097335500134
11.592494066545765,11.938939700648856
13.730080075046128,9.73342384900435
7.349071692022342,6.930423207666486
10.700616958739353,11.592571157220064
13.6185317106401,11.290610470275688
8.324609673939591,9.517829711947494
12.713979379712452,9.821442037504205
8.252370034069715,8.19356860599821
13.940421204192983,10.480538681801253
7.374525976994903,7.193880641550071
9.199100239772141,10.471437944703757
12.648539853417265,11.942958715925222
9.898393110472105,9.86885846679486
7.507315330660644,7.880922588728666
14.007472100380749,10.072903191128416
11.34577982410126,11.87633814778199
7.65922954685511,8.474375191801979
13.491484959917589,11.432022683316475
7.344402490777998,7.022109716713247
10.26463546623404,11.290689441484107
13.097802002351704,9.825942799374154
9.155352473513316,9.184067164394065
12.277091599290486,12.000064531046338
7.761762130674944,7.550241758345631
14.011670760079959,9.856850076745477
8.778495338216734,10.043617709280225
13.115205540169779,11.737008766516828
7.481528212763534,7.117552464513761
11.934895355251927,10.055533441092933
8.138566691952443,9.290186987745258
13.878302372326004,10.743561341604615
10.836241841940366,11.670762168414987
7.573951483124228,8.180852349431182
13.5193316424436,9.772068187376252
9.504226220193114,10.7322707400773
7.41387679538451,7.010979448243307
13.71734818777587,11.148204643736474
8.669540189388014,8.651258593347897
12.81973812952544,11.887187913880949
13.984599949517607,9.775226495012923
